/*--------------------------------*- C++ -*----------------------------------*\
| =========                 |                                                 |
| \\      /  F ield         | OpenFOAM: The Open Source CFD Toolbox           |
|  \\    /   O peration     | Version:  2412                                  |
|   \\  /    A nd           | Website:  www.openfoam.com                      |
|    \\/     M anipulation  |                                                 |
\*---------------------------------------------------------------------------*/
FoamFile
{
    version     2.0;
    format      binary;
    arch        "LSB;label=32;scalar=64";
    class       cellSet;
    location    "constant/polyMesh/sets";
    object      impeller;
}
// * * * * * * * * * * * * * * * * * * * * * * * * * * * * * * * * * * * * * //


3320
(
16532
16533
16534
16535
16536
16537
16538
16539
16540
16541
16542
16543
16544
16545
16546
16547
16548
16549
16570
16571
16572
16573
16574
16575
16576
16577
16578
16579
16580
16581
16582
16583
16584
16585
16586
16587
16608
16609
16610
16611
16612
16613
16614
16615
16616
16617
16618
16619
16620
16621
16622
16623
16624
16625
16646
16647
16648
16649
16650
16651
16652
16653
16654
16655
16656
16657
16658
16659
16660
16661
16662
16663
16684
16685
16686
16687
16688
16689
16690
16691
16692
16693
16694
16695
16696
16697
16698
16699
16700
16701
16722
16723
16724
16725
16726
16727
16728
16729
16730
16731
16732
16733
16734
16735
16736
16737
16738
16739
24940
24941
24942
24943
24944
24945
24946
24947
24948
24949
24950
24951
24952
16760
24953
16761
24954
16762
24955
16763
24956
16764
24957
16765
24958
16766
24959
16767
16768
16769
16770
16771
16772
16773
16774
16775
16776
16777
24980
24981
24982
24983
24984
24985
24986
24987
24988
24989
24990
16798
24991
16799
24992
16800
24993
16801
24994
16802
24995
16803
24996
16804
24997
16805
24998
16806
24999
16807
16808
16809
16810
16811
16812
16813
16814
16815
25020
25021
25022
25023
25024
25025
25026
25027
25028
16836
25029
16837
25030
16838
25031
16839
41416
25032
16840
41417
25033
16841
41418
25034
16842
41419
25035
16843
41420
25036
16844
41421
25037
16845
41422
25038
16846
41423
25039
16847
16848
16849
16850
16851
16852
16853
25060
25061
25062
25063
25064
25065
25066
16874
25067
16875
41452
25068
16876
41453
25069
16877
41454
25070
16878
41455
25071
16879
41456
25072
16880
41457
25073
16881
41458
25074
16882
41459
25075
16883
25076
16884
25077
16885
25078
16886
25079
16887
16888
16889
16890
16891
25100
25101
25102
25103
41488
25104
41489
25105
41490
25106
41491
25107
41492
25108
41493
25109
41494
25110
41495
25111
25112
25113
25114
25115
25116
25117
25118
25119
41524
25140
41525
25141
41526
25142
41527
25143
41528
25144
41529
25145
41530
25146
41531
25147
25148
25149
25150
25151
25152
25153
25154
25155
25156
25157
25158
25159
41560
41561
41562
41563
41564
25180
41565
25181
41566
25182
41567
25183
25184
25185
25186
25187
25188
25189
25190
25191
25192
25193
25194
25195
25196
25197
25198
25199
41596
41597
41598
41599
41600
41601
41602
41603
25220
25221
25222
25223
25224
25225
25226
25227
25228
25229
25230
25231
25232
25233
25234
25235
25236
25237
25238
25239
41632
41633
41634
41635
41636
41637
41638
41639
25260
25261
25262
25263
25264
25265
25266
25267
25268
25269
25270
25271
25272
25273
25274
25275
25276
25277
25278
25279
41668
41669
41670
41671
41672
41673
41674
41675
33488
33489
33490
33491
33492
25300
33493
25301
33494
25302
33495
25303
33496
25304
33497
25305
33498
25306
33499
25307
33500
25308
33501
25309
33502
25310
33503
25311
33504
25312
33505
25313
25314
25315
25316
25317
25318
25319
41704
41705
41706
41707
41708
41709
41710
41711
33526
33527
33528
33529
33530
33531
33532
33533
33534
33535
33536
33537
33538
33539
33540
33541
33542
33543
41740
41741
41742
41743
41744
41745
41746
41747
33564
33565
33566
33567
33568
33569
33570
33571
33572
33573
33574
33575
33576
33577
33578
33579
33580
33581
33602
33603
33604
33605
33606
33607
33608
33609
33610
33611
33612
33613
33614
33615
33616
33617
33618
33619
33640
33641
33642
33643
33644
33645
33646
33647
33648
33649
33650
33651
33652
33653
33654
33655
33656
33657
33678
33679
33680
33681
33682
33683
33684
33685
33686
33687
33688
33689
33690
33691
33692
33693
33694
33695
33716
33717
33718
33719
33720
33721
33722
33723
33724
33725
33726
33727
33728
33729
33730
33731
33732
33733
33754
33755
33756
33757
33758
33759
33760
33761
33762
33763
33764
33765
33766
33767
33768
33769
33770
33771
33792
33793
33794
33795
33796
33797
33798
33799
33800
33801
33802
33803
33804
33805
33806
33807
33808
33809
33830
33831
33832
33833
33834
33835
33836
33837
33838
33839
33840
33841
33842
33843
33844
33845
33846
33847
18160
18161
18162
18163
18164
18165
18166
18167
18168
18169
18170
18171
18172
18173
18174
18175
18176
18177
18198
18199
18200
18201
18202
18203
18204
18205
18206
18207
18208
18209
18210
18211
18212
18213
18214
18215
18236
18237
18238
18239
18240
18241
18242
18243
18244
18245
18246
18247
18248
18249
18250
18251
18252
18253
18274
18275
18276
18277
18278
18279
18280
18281
18282
18283
18284
18285
18286
18287
18288
18289
18290
18291
18312
18313
18314
18315
18316
18317
18318
18319
18320
18321
18322
18323
18324
18325
18326
18327
18328
18329
18350
18351
18352
18353
18354
18355
18356
18357
18358
18359
18360
18361
18362
18363
18364
18365
18366
18367
18388
18389
18390
18391
18392
18393
18394
18395
18396
18397
18398
18399
18400
18401
18402
18403
18404
18405
18426
18427
18428
18429
18430
18431
18432
18433
18434
18435
18436
18437
18438
18439
18440
18441
18442
18443
10258
10259
10260
10261
10262
10263
10264
10265
26656
18464
26657
18465
26658
18466
26659
18467
26660
18468
26661
18469
26662
18470
26663
18471
26664
18472
26665
18473
26666
18474
26667
18475
26668
18476
26669
18477
26670
18478
26671
18479
26672
18480
26673
18481
26674
26675
10294
10295
10296
10297
10298
10299
10300
10301
18502
18503
26696
18504
26697
18505
26698
18506
26699
18507
26700
18508
26701
18509
26702
18510
26703
18511
26704
18512
26705
18513
26706
18514
26707
18515
26708
18516
26709
18517
26710
18518
26711
18519
26712
26713
26714
10330
26715
10331
10332
10333
10334
10335
10336
10337
26736
26737
26738
26739
26740
26741
26742
26743
26744
26745
26746
26747
26748
26749
26750
10366
26751
10367
26752
10368
26753
10369
26754
10370
26755
10371
10372
10373
26776
26777
26778
26779
26780
26781
26782
26783
26784
26785
26786
10402
26787
10403
26788
10404
26789
10405
26790
10406
26791
10407
26792
10408
26793
10409
26794
26795
26816
26817
26818
26819
26820
26821
26822
10438
26823
10439
26824
10440
26825
10441
26826
10442
26827
10443
26828
10444
26829
10445
26830
26831
26832
26833
26834
26835
26856
26857
26858
10474
26859
10475
26860
10476
26861
10477
26862
10478
26863
10479
26864
10480
26865
10481
26866
26867
26868
26869
26870
26871
26872
26873
26874
26875
10510
10511
26896
10512
26897
10513
26898
10514
26899
10515
26900
10516
26901
10517
26902
26903
26904
26905
26906
26907
26908
26909
26910
26911
26912
26913
26914
26915
35110
35111
35112
35113
35114
35115
35116
35117
35118
35119
35120
35121
35122
10546
35123
10547
35124
10548
35125
10549
35126
10550
35127
10551
26936
10552
26937
10553
26938
26939
26940
26941
26942
26943
26944
26945
26946
26947
26948
26949
26950
26951
26952
26953
26954
26955
35148
35149
35150
35151
35152
35153
35154
35155
35156
35157
35158
10582
35159
10583
35160
10584
35161
10585
35162
10586
35163
10587
35164
10588
35165
10589
26976
26977
26978
26979
26980
26981
26982
26983
26984
26985
26986
26987
26988
26989
26990
26991
26992
26993
35186
26994
35187
26995
35188
35189
35190
35191
35192
35193
35194
35195
35196
35197
35198
35199
35200
35201
35202
35203
27016
27017
27018
27019
27020
27021
27022
27023
27024
27025
27026
27027
27028
27029
27030
27031
35224
27032
35225
27033
35226
27034
35227
27035
35228
35229
35230
35231
35232
35233
35234
35235
35236
35237
35238
35239
35240
35241
35262
35263
35264
35265
35266
35267
35268
35269
35270
35271
35272
35273
35274
35275
35276
35277
35278
35279
35300
35301
35302
35303
35304
35305
35306
35307
35308
35309
35310
35311
35312
35313
35314
35315
35316
35317
35338
35339
35340
35341
35342
35343
35344
35345
35346
35347
35348
35349
35350
35351
35352
35353
35354
35355
35376
35377
35378
35379
35380
35381
35382
35383
35384
35385
35386
35387
35388
35389
35390
35391
35392
35393
35414
35415
35416
35417
35418
35419
35420
35421
35422
35423
35424
35425
35426
35427
35428
35429
35430
35431
35452
35453
35454
35455
35456
35457
35458
35459
35460
35461
35462
35463
35464
35465
35466
35467
35468
35469
19796
19797
19798
19799
19800
19801
19802
19803
19804
19805
19806
19807
19808
19809
19810
19811
19812
19813
19814
19815
19836
19837
19838
19839
19840
19841
19842
19843
19844
19845
19846
19847
19848
19849
19850
19851
19852
19853
19854
19855
19876
19877
19878
19879
19880
19881
19882
19883
19884
19885
19886
19887
19888
19889
19890
19891
19892
19893
19894
19895
19916
19917
19918
19919
19920
19921
19922
19923
19924
19925
19926
19927
19928
19929
19930
19931
19932
19933
19934
19935
19956
19957
19958
19959
19960
19961
19962
19963
19964
19965
19966
11774
19967
11775
19968
11776
19969
11777
19970
11778
19971
11779
19972
11780
19973
11781
19974
11782
19975
11783
11784
11785
19996
19997
19998
19999
20000
20001
20002
11810
20003
11811
20004
11812
20005
11813
20006
11814
20007
11815
20008
11816
20009
11817
20010
11818
20011
11819
20012
11820
20013
11821
20014
20015
20036
20037
20038
11846
20039
11847
20040
11848
20041
11849
20042
11850
20043
11851
20044
11852
20045
11853
20046
11854
20047
11855
20048
11856
20049
11857
20050
20051
20052
20053
20054
20055
11882
11883
20076
11884
20077
11885
20078
11886
20079
11887
20080
11888
20081
11889
20082
11890
20083
11891
20084
11892
20085
11893
20086
20087
20088
20089
20090
20091
20092
20093
20094
20095
11918
11919
11920
11921
11922
11923
20116
11924
20117
11925
20118
11926
20119
11927
20120
11928
20121
11929
20122
20123
20124
20125
20126
20127
20128
20129
20130
20131
20132
20133
20134
20135
11954
11955
11956
11957
11958
11959
11960
11961
11962
11963
20156
11964
20157
11965
20158
20159
20160
20161
20162
20163
20164
20165
20166
20167
20168
20169
20170
20171
20172
20173
20174
20175
28370
28371
28372
28373
28374
11990
28375
11991
28376
11992
28377
11993
28378
11994
28379
11995
28380
11996
28381
11997
28382
11998
28383
11999
28384
12000
28385
12001
28386
28387
28388
28389
28410
12026
28411
12027
28412
12028
28413
12029
28414
12030
28415
12031
28416
12032
28417
12033
28418
12034
28419
12035
28420
12036
28421
12037
28422
28423
28424
28425
28426
28427
28428
28429
12062
12063
12064
12065
28450
12066
28451
12067
28452
12068
28453
12069
28454
12070
28455
12071
28456
12072
28457
12073
28458
28459
28460
28461
28462
28463
28464
28465
28466
28467
28468
28469
12098
12099
12100
12101
12102
12103
12104
12105
28490
12106
28491
12107
28492
12108
28493
12109
28494
28495
28496
28497
28498
28499
28500
28501
28502
28503
28504
28505
28506
28507
28508
28509
36721
36722
28530
36723
28531
36724
28532
36725
28533
36726
28534
36727
28535
36728
28536
36729
28537
36730
28538
36731
28539
36732
28540
36733
28541
36734
28542
36735
28543
36736
28544
28545
28546
28547
28548
28549
36759
36760
36761
36762
28570
36763
28571
36764
28572
36765
28573
36766
28574
36767
28575
36768
28576
36769
28577
36770
28578
36771
28579
36772
28580
36773
28581
36774
28582
28583
28584
28585
28586
28587
28588
28589
36797
36798
36799
36800
36801
36802
28610
36803
28611
36804
28612
36805
28613
36806
28614
36807
28615
36808
28616
36809
28617
36810
28618
36811
28619
36812
28620
28621
28622
28623
28624
28625
28626
28627
28628
28629
36835
36836
36837
36838
36839
36840
36841
36842
28650
36843
28651
36844
28652
36845
28653
36846
28654
36847
28655
36848
28656
36849
28657
36850
28658
28659
28660
28661
28662
28663
28664
28665
28666
28667
28668
28669
36873
36874
36875
36876
36877
36878
36879
36880
36881
36882
28690
36883
28691
36884
28692
36885
28693
36886
28694
36887
28695
36888
28696
28697
28698
28699
28700
28701
28702
28703
28704
28705
28706
28707
28708
28709
36911
36912
36913
36914
36915
36916
36917
36918
36919
36920
36921
36922
28730
36923
28731
36924
28732
36925
28733
36926
28734
28735
28736
28737
28738
28739
28740
28741
28742
28743
28744
28745
28746
28747
28748
28749
36949
36950
36951
36952
36953
36954
36955
36956
36957
36958
36959
36960
36961
36962
36963
36964
36987
36988
36989
36990
36991
36992
36993
36994
36995
36996
36997
36998
36999
37000
37001
37002
37025
37026
37027
37028
37029
37030
37031
37032
37033
37034
37035
37036
37037
37038
37039
37040
37063
37064
37065
37066
37067
37068
37069
37070
37071
37072
37073
37074
37075
37076
37077
37078
13302
13303
13304
13305
13306
13307
13308
13309
13310
13311
13312
13313
13314
13315
21510
21511
21512
21513
21514
21515
21516
21517
21518
21519
21520
21521
21522
21523
21524
21525
21526
21527
21528
21529
13340
13341
13342
13343
13344
13345
13346
13347
13348
13349
13350
13351
13352
13353
21550
21551
21552
21553
21554
21555
21556
21557
21558
21559
21560
21561
21562
21563
21564
21565
21566
21567
21568
21569
13378
13379
13380
13381
13382
13383
13384
13385
13386
13387
13388
13389
13390
13391
21590
21591
21592
21593
21594
21595
21596
21597
21598
21599
21600
21601
21602
21603
21604
21605
21606
21607
21608
13416
21609
13417
13418
13419
13420
13421
13422
13423
13424
13425
13426
13427
13428
13429
21630
21631
21632
21633
21634
21635
21636
21637
21638
21639
21640
21641
21642
21643
21644
21645
21646
13454
21647
13455
21648
13456
21649
13457
13458
13459
13460
13461
13462
13463
13464
13465
13466
13467
21670
21671
21672
21673
21674
21675
21676
21677
21678
21679
21680
21681
21682
21683
21684
13492
21685
13493
21686
13494
21687
13495
21688
13496
21689
13497
13498
13499
13500
13501
13502
13503
13504
13505
21710
21711
21712
21713
21714
21715
21716
21717
21718
21719
21720
21721
21722
13530
21723
13531
21724
13532
21725
13533
21726
13534
21727
13535
21728
13536
21729
13537
13538
13539
13540
13541
13542
13543
21750
21751
21752
21753
21754
21755
21756
21757
21758
21759
21760
13568
21761
13569
21762
13570
21763
13571
21764
13572
21765
13573
21766
13574
21767
13575
21768
13576
21769
13577
13578
13579
13580
13581
21790
21791
21792
21793
21794
21795
21796
21797
21798
13606
21799
13607
21800
13608
21801
13609
21802
13610
21803
13611
21804
13612
21805
13613
21806
13614
21807
13615
21808
13616
21809
13617
13618
13619
21830
21831
21832
21833
21834
21835
21836
13644
21837
13645
21838
13646
21839
13647
21840
13648
21841
13649
21842
13650
21843
13651
21844
13652
21845
13653
21846
13654
21847
13655
21848
13656
21849
13657
21870
21871
21872
21873
21874
21875
21876
21877
21878
21879
21880
21881
21882
21883
21884
21885
21886
21887
21888
21889
30084
30085
30086
30087
30088
30089
30090
30091
30092
30093
30094
30095
30096
30097
30098
30099
30100
30101
30102
30103
30124
30125
30126
30127
38320
30128
38321
30129
38322
30130
38323
30131
38324
30132
38325
30133
38326
30134
38327
30135
38328
30136
38329
30137
38330
30138
38331
30139
38332
30140
38333
30141
30142
30143
30164
30165
38358
30166
38359
30167
38360
30168
38361
30169
38362
30170
38363
30171
38364
30172
38365
30173
38366
30174
38367
30175
38368
30176
38369
30177
38370
30178
38371
30179
30180
30181
30182
30183
38396
30204
38397
30205
38398
30206
38399
30207
38400
30208
38401
30209
38402
30210
38403
30211
38404
30212
38405
30213
38406
30214
38407
30215
38408
30216
38409
30217
30218
30219
30220
30221
30222
30223
38434
38435
38436
30244
38437
30245
38438
30246
38439
30247
38440
30248
38441
30249
38442
30250
38443
30251
38444
30252
38445
30253
38446
30254
38447
30255
30256
30257
30258
30259
30260
30261
30262
30263
38472
38473
38474
38475
38476
30284
38477
30285
38478
30286
38479
30287
38480
30288
38481
30289
38482
30290
38483
30291
38484
30292
38485
30293
30294
30295
30296
30297
30298
30299
30300
30301
30302
30303
38510
38511
38512
38513
38514
38515
38516
30324
38517
30325
38518
30326
38519
30327
38520
30328
38521
30329
38522
30330
38523
30331
30332
30333
30334
30335
30336
30337
30338
30339
30340
30341
30342
30343
38548
38549
38550
38551
38552
38553
38554
38555
38556
30364
38557
30365
38558
30366
38559
30367
38560
30368
38561
30369
30370
30371
30372
30373
30374
30375
30376
30377
30378
30379
30380
30381
30382
30383
38586
38587
38588
38589
38590
38591
38592
38593
38594
38595
38596
30404
38597
30405
38598
30406
38599
30407
30408
30409
30410
30411
30412
30413
30414
30415
30416
30417
30418
30419
30420
30421
30422
30423
38624
38625
38626
38627
38628
38629
38630
38631
38632
38633
38634
38635
38636
30444
38637
30445
30446
30447
30448
30449
30450
30451
30452
30453
30454
30455
30456
30457
30458
30459
30460
30461
30462
30463
38662
38663
38664
38665
38666
38667
38668
38669
38670
38671
38672
38673
38674
38675
14911
14912
14913
14914
14915
14916
14917
14918
14919
14920
14921
14922
14923
14924
14925
14926
14949
14950
14951
14952
14953
14954
14955
14956
14957
14958
14959
14960
14961
14962
14963
14964
14987
14988
14989
14990
14991
14992
14993
14994
14995
14996
14997
14998
14999
15000
15001
15002
15025
15026
15027
15028
15029
15030
15031
23224
15032
23225
15033
23226
15034
23227
15035
23228
15036
23229
15037
23230
15038
23231
15039
23232
15040
23233
23234
23235
23236
23237
23238
23239
23240
23241
23242
23243
15063
15064
15065
15066
15067
15068
15069
15070
15071
23264
15072
23265
15073
23266
15074
23267
15075
23268
15076
23269
15077
23270
15078
23271
23272
23273
23274
23275
23276
23277
23278
23279
23280
23281
23282
23283
15101
15102
15103
15104
15105
15106
15107
15108
15109
15110
15111
23304
15112
23305
15113
23306
15114
23307
15115
23308
15116
23309
23310
23311
23312
23313
23314
23315
23316
23317
23318
23319
23320
23321
23322
23323
15139
15140
15141
15142
15143
15144
15145
15146
15147
15148
15149
15150
15151
23344
15152
23345
15153
23346
15154
23347
23348
23349
23350
23351
23352
23353
23354
23355
23356
23357
23358
23359
23360
23361
23362
23363
15177
15178
15179
15180
15181
15182
15183
15184
15185
15186
15187
15188
15189
15190
15191
23384
15192
23385
23386
23387
23388
23389
23390
23391
23392
23393
23394
23395
23396
23397
23398
23399
23400
23401
23402
23403
15215
15216
15217
15218
15219
15220
15221
15222
15223
15224
15225
15226
15227
15228
15229
15230
23424
23425
23426
23427
23428
23429
23430
23431
23432
23433
23434
23435
23436
23437
23438
23439
23440
23441
23442
23443
15253
15254
15255
15256
15257
15258
15259
15260
15261
15262
15263
15264
15265
15266
15267
15268
23464
23465
23466
23467
23468
23469
23470
23471
23472
23473
23474
23475
23476
23477
23478
23479
23480
23481
23482
23483
23504
23505
23506
23507
23508
23509
23510
23511
23512
23513
23514
23515
23516
23517
23518
23519
23520
23521
23522
23523
39908
39909
39910
39911
39912
39913
39914
39915
39916
39917
39918
39919
23544
23545
23546
23547
23548
23549
23550
23551
23552
23553
23554
23555
23556
23557
23558
23559
39944
23560
39945
23561
39946
23562
39947
23563
39948
39949
39950
39951
39952
39953
39954
39955
23584
23585
23586
23587
23588
23589
23590
23591
23592
23593
23594
23595
39980
23596
39981
23597
39982
31790
23598
39983
31791
23599
39984
31792
23600
39985
31793
23601
39986
31794
23602
39987
31795
23603
39988
31796
39989
31797
39990
31798
39991
31799
31800
31801
31802
31803
31804
31805
31806
31807
31808
31809
40016
40017
40018
40019
40020
40021
40022
31830
40023
31831
40024
31832
40025
31833
40026
31834
40027
31835
31836
31837
31838
31839
31840
31841
31842
31843
31844
31845
31846
31847
31848
31849
40052
40053
40054
40055
40056
40057
40058
40059
40060
40061
40062
31870
40063
31871
31872
31873
31874
31875
31876
31877
31878
31879
31880
31881
31882
31883
31884
31885
31886
31887
31888
31889
40088
40089
40090
40091
40092
40093
40094
40095
40096
40097
40098
40099
31910
31911
31912
31913
31914
31915
31916
31917
31918
31919
31920
31921
31922
31923
31924
31925
31926
31927
31928
31929
40124
40125
40126
40127
40128
40129
40130
40131
40132
40133
40134
40135
31950
31951
31952
31953
31954
31955
31956
31957
31958
31959
31960
31961
31962
31963
31964
31965
31966
31967
40160
31968
40161
31969
40162
40163
40164
40165
40166
40167
40168
40169
40170
40171
31990
31991
31992
31993
31994
31995
31996
31997
31998
31999
32000
32001
32002
32003
40196
32004
40197
32005
40198
32006
40199
32007
40200
32008
40201
32009
40202
40203
40204
40205
40206
40207
32030
32031
32032
32033
32034
32035
32036
32037
32038
32039
40232
32040
40233
32041
40234
32042
40235
32043
40236
32044
40237
32045
40238
32046
40239
32047
40240
32048
40241
32049
40242
40243
32070
32071
32072
32073
32074
32075
32076
32077
32078
32079
32080
32081
32082
32083
32084
32085
32086
32087
32088
32089
32110
32111
32112
32113
32114
32115
32116
32117
32118
32119
32120
32121
32122
32123
32124
32125
32126
32127
32128
32129
32150
32151
32152
32153
32154
32155
32156
32157
32158
32159
32160
32161
32162
32163
32164
32165
32166
32167
32168
32169
)


// ************************************************************************* //
