/*--------------------------------*- C++ -*----------------------------------*\
| =========                 |                                                 |
| \\      /  F ield         | OpenFOAM: The Open Source CFD Toolbox           |
|  \\    /   O peration     | Version:  2412                                  |
|   \\  /    A nd           | Website:  www.openfoam.com                      |
|    \\/     M anipulation  |                                                 |
\*---------------------------------------------------------------------------*/
FoamFile
{
    version     2.0;
    format      binary;
    arch        "LSB;label=32;scalar=64";
    class       cellSet;
    location    "constant/polyMesh/sets";
    object      injection1;
}
// * * * * * * * * * * * * * * * * * * * * * * * * * * * * * * * * * * * * * //


1600
(
33188
33189
33190
33205
33206
33207
33208
33209
33210
33211
33212
33227
33228
33229
33230
33231
33232
33233
33234
33235
33236
33237
33238
33239
33254
33255
33256
33257
33258
33259
33260
33261
33263
33264
33265
33266
33267
33268
33269
33270
33285
33286
33287
33288
33289
33290
33291
33292
17860
17861
17862
17877
17878
17879
17880
17881
17882
17883
17884
17899
17900
17901
17902
17903
17904
17905
17906
17907
17908
17909
17910
17911
17926
17927
17928
17929
17930
17931
17932
17933
17935
17936
17937
17938
17939
17940
17941
17942
17957
17958
17959
17960
17961
17962
17963
17964
34814
34815
34816
34829
34830
34831
34832
34833
34834
34835
34836
34837
34850
34851
34852
34853
34854
34855
34856
34857
34858
34859
34860
34861
34862
34863
34876
34877
34878
34879
34880
34881
34882
34883
34885
34886
34887
34888
34889
34890
34891
34892
34893
34906
34907
34908
34909
34910
34911
34912
34913
34914
2552
2553
2554
2555
2556
2557
2558
2559
19490
19491
19492
19507
19508
19509
19510
19511
19512
19513
19514
19515
19530
19531
19532
19533
19534
19535
19536
19537
19538
19539
19540
19541
19542
19543
19558
19559
19560
19561
19562
19563
19564
19565
19566
19567
19568
19569
19570
19571
19572
19573
19574
19589
19590
19591
19592
19593
19594
19595
19596
19597
3586
3587
3588
3589
3590
3591
3592
3593
3594
3595
3597
3598
3599
3600
3601
3602
3603
3604
3605
3606
3607
3608
3609
3610
36430
36431
36432
36443
36444
36445
36446
36447
36448
36449
36450
36451
36452
36463
36464
36465
36466
36467
36468
36469
36470
36471
36472
36473
36474
36475
36476
36477
36478
36489
36490
36491
36492
36493
36494
36495
36496
36497
36498
36499
36500
36501
36502
36503
36504
36505
36506
36507
36518
36519
36520
36521
36522
36523
36524
36525
36526
36527
4716
4717
4718
4719
4720
4721
4722
4723
4724
4725
4726
4727
4728
4729
4732
4733
4734
4735
4736
4737
4738
4739
4740
4741
4742
4743
4744
4745
4746
4747
21198
21199
21216
21217
21218
21219
21220
21221
21222
21239
21240
21241
21242
21243
21244
21245
21246
21247
21248
21249
21250
21267
21268
21269
21270
21271
21272
21273
21275
21276
21277
21278
21279
21280
21281
21282
21299
21300
21301
21302
21303
21304
21305
21306
38040
38041
38042
38043
38050
38051
38052
38053
38054
38055
38056
38057
38058
38059
38060
38061
38068
38069
38070
38071
38072
38073
38074
38075
38076
38077
38078
38079
38080
38081
38082
38083
38084
38085
38092
38093
38094
38095
38096
38097
38098
38099
38100
38101
38103
38104
38105
38106
38107
38108
38109
38110
38111
38112
38113
38120
38121
38122
38123
38124
38125
38126
38127
38128
38129
38130
5936
5937
5938
5939
5940
5941
5942
5943
5944
5945
5946
5947
5948
5949
5950
5951
5952
5953
5954
5955
5956
5957
5958
5959
5960
5961
5963
5964
5965
5966
5967
5968
5969
5970
5971
5972
5973
5974
5975
5976
5977
5978
5979
5980
5981
5982
22912
22913
22930
22931
22932
22933
22934
22935
22936
22953
22954
22955
22956
22957
22958
22959
22960
22961
22962
22963
22964
22981
22982
22983
22984
22985
22986
22987
22989
22990
22991
22992
22993
22994
22995
22996
23013
23014
23015
23016
23017
23018
23019
23020
39638
39639
39640
39641
39642
39643
39644
39645
39646
39647
39648
39649
39650
39651
39652
39653
39654
39655
39656
39657
39658
39659
39660
39661
39662
39663
39664
39665
39666
39667
39668
39669
39670
39671
39672
39673
39674
39675
39676
39677
39678
39679
39680
39681
39682
39683
39684
39685
39686
39687
39688
39689
39690
39691
39692
39693
39694
39695
39697
39698
39699
39700
39701
39702
39703
39704
39705
39706
39707
39708
39709
39710
39711
39712
39713
39714
39715
39716
39717
39718
39719
39720
39721
39722
7250
7251
7252
7253
7254
7255
7256
7257
7258
7259
7260
7261
7262
7263
7264
7265
7266
7267
7268
7269
7270
7271
7272
7273
7274
7275
7276
7277
7278
7279
7280
7281
7282
7283
7285
7286
7287
7288
7289
7290
7291
7292
7293
7294
7295
7296
7297
7298
7299
7300
7301
7302
7303
7304
7305
7306
24626
24627
24628
24645
24646
24647
24648
24649
24650
24651
24652
24669
24670
24671
24672
24673
24674
24675
24676
24677
24678
24679
24680
24697
24698
24699
24700
24701
24702
24703
24705
24706
24707
24708
24709
24710
24711
24712
24729
24730
24731
24732
24733
24734
24735
24736
41156
41157
41158
41159
41160
41161
41162
41163
41164
41165
41166
41167
41168
41169
41170
41171
41172
41173
41174
41175
41176
41177
41178
41179
41180
41181
41182
41183
41184
41185
41186
41187
41188
41189
41190
41191
41192
41193
41194
41195
41196
41197
41198
41199
41200
41201
41202
41203
41204
41205
41206
41207
41209
41210
41211
41212
41213
41214
41215
41216
41217
41218
41219
41220
41221
41222
41223
41224
41225
41226
41227
41228
41229
41230
41231
41232
41233
41234
8582
8583
8584
8585
8586
8587
8588
8589
8590
8591
8592
8593
8594
8595
8596
8597
8598
8599
8600
8601
8602
8603
8604
8605
8606
8607
8608
8609
8610
8611
8612
8613
8614
8615
8616
8617
8618
8619
8620
8621
8623
8624
8625
8626
8627
8628
8629
8630
8631
8632
8633
8634
8635
8636
8637
8638
8639
8640
8641
8642
8643
8644
8645
8646
42662
42663
42664
42665
42666
42667
42668
42669
42670
42671
42672
42673
42674
42675
42676
42677
42678
42679
42680
42681
42682
42683
42684
42685
42686
42687
42688
42689
42690
42691
42692
42693
42694
42695
42696
42697
42698
42699
42700
42701
42703
42704
42705
42706
42707
42708
42709
42710
42711
42712
42713
42714
42715
42716
42717
42718
42719
42720
42721
42722
42723
42724
42725
42726
26342
26343
26344
26361
26362
26363
26364
26365
26366
26367
26368
9998
9999
10000
26385
10001
26386
10002
26387
10003
26388
10004
26389
10005
26390
10006
26391
10007
26392
10008
26393
10009
26394
10010
26395
10011
26396
10012
10013
10014
10015
10016
10017
10018
10019
10020
10021
10022
10023
10024
10025
10026
10027
10028
26413
10029
26414
10030
26415
10031
26416
10032
26417
10033
26418
10034
26419
10035
10036
26421
10037
26422
10038
26423
10039
26424
10040
26425
10041
26426
10042
26427
10043
26428
10044
10045
10046
10047
10048
10049
10051
10052
10053
10054
10055
10056
10057
10058
10059
10060
26445
10061
26446
10062
26447
10063
26448
10064
26449
10065
26450
10066
26451
10067
26452
10068
10069
10070
10071
10072
10073
10074
10075
10076
44078
44079
44080
44081
44082
44083
44084
44085
44086
44087
44088
44089
44090
44091
44092
44093
44094
44095
44096
44097
44098
44099
44100
44101
44102
44103
44104
44105
44106
44107
44108
44109
44110
44111
44113
44114
44115
44116
44117
44118
44119
44120
44121
44122
44123
44124
44125
44126
44127
44128
44129
44130
44131
44132
44133
44134
11504
11505
11506
11507
11508
11509
11510
11511
11512
11513
11514
11515
11516
11517
11518
11519
11520
11521
11522
11523
11524
11525
11526
11527
11528
11529
11530
11531
11532
11533
11534
11535
11536
11537
11538
11539
11540
11541
11542
11543
11544
11545
11546
11547
11548
11549
11550
11551
11552
11553
11554
11555
11556
11557
11558
11559
11560
11561
11563
11564
11565
11566
11567
11568
11569
11570
11571
11572
11573
11574
11575
11576
11577
11578
11579
11580
11581
11582
11583
11584
11585
11586
11587
11588
28058
28059
28076
28077
28078
28079
28080
28081
28082
28099
28100
28101
28102
28103
28104
28105
28106
28107
28108
28109
28110
28127
28128
28129
28130
28131
28132
28133
28135
28136
28137
28138
28139
28140
28141
28142
28159
28160
28161
28162
28163
28164
28165
28166
45410
45411
45412
45413
45414
45415
45416
45417
45418
45419
45420
45421
45422
45423
45424
45425
45426
45427
45428
45429
45430
45431
45432
45433
45434
45435
45437
45438
45439
45440
45441
45442
45443
45444
45445
45446
45447
45448
45449
45450
45451
45452
45453
45454
45455
45456
13022
13023
13024
13025
13032
13033
13034
13035
13036
13037
13038
13039
13040
13041
13042
13043
13050
13051
13052
13053
13054
13055
13056
13057
13058
13059
13060
13061
13062
13063
13064
13065
13066
13067
13074
13075
13076
13077
13078
13079
13080
13081
13082
13083
13085
13086
13087
13088
13089
13090
13091
13092
13093
13094
13095
13102
13103
13104
13105
13106
13107
13108
13109
13110
13111
13112
29772
29773
29790
29791
29792
29793
29794
29795
29796
29813
29814
29815
29816
29817
29818
29819
29820
29821
29822
29823
29824
29841
29842
29843
29844
29845
29846
29847
29849
29850
29851
29852
29853
29854
29855
29856
29873
29874
29875
29876
29877
29878
29879
29880
46724
46725
46726
46727
46728
46729
46730
46731
46732
46733
46734
46735
46736
46737
46740
46741
46742
46743
46744
46745
46746
46747
46748
46749
46750
46751
46752
46753
46754
46755
14620
14621
14622
14633
14634
14635
14636
14637
14638
14639
14640
14641
14642
14653
14654
14655
14656
14657
14658
14659
14660
14661
14662
14663
14664
14665
14666
14667
14668
14679
14680
14681
14682
14683
14684
14685
14686
14687
14688
14689
14690
14691
14692
14693
14694
14695
14696
14697
14708
14709
14710
14711
14712
14713
14714
14715
14716
14717
31484
31485
31486
31501
31502
31503
31504
31505
31506
31507
31508
31509
31524
31525
31526
31527
31528
31529
31530
31531
31532
31533
31534
31535
31536
31537
31552
31553
31554
31555
31556
31557
31558
31559
47944
31560
47945
31561
47946
31562
47947
31563
47948
31564
47949
31565
47950
31566
47951
31567
47952
31568
47953
47955
47956
47957
47958
47959
47960
47961
47962
47963
47964
47965
47966
47967
31583
47968
31584
31585
31586
31587
31588
31589
31590
31591
16236
16237
16238
16251
16252
16253
16254
16255
16256
16257
16258
16259
16272
16273
16274
16275
16276
16277
16278
16279
16280
16281
16282
16283
16284
16285
16298
16299
16300
16301
16302
16303
16304
16305
16307
49076
16308
49077
16309
49078
16310
49079
16311
49080
16312
49081
16313
49082
16314
49083
16315
16328
16329
16330
16331
16332
16333
16334
16335
16336
)


// ************************************************************************* //
