/*--------------------------------*- C++ -*----------------------------------*\
| =========                 |                                                 |
| \\      /  F ield         | OpenFOAM: The Open Source CFD Toolbox           |
|  \\    /   O peration     | Version:  2412                                  |
|   \\  /    A nd           | Website:  www.openfoam.com                      |
|    \\/     M anipulation  |                                                 |
\*---------------------------------------------------------------------------*/
FoamFile
{
    version     2.0;
    format      binary;
    arch        "LSB;label=32;scalar=64";
    class       cellSet;
    location    "constant/polyMesh/sets";
    object      injection1;
}
// * * * * * * * * * * * * * * * * * * * * * * * * * * * * * * * * * * * * * //


2964
(
49809
49810
49811
49812
49813
49814
49815
49816
49817
49818
49819
49820
49821
49822
49823
49824
49839
49840
49841
49842
49843
49844
49845
49846
49847
49848
49849
49850
49851
49852
49853
49854
49869
49870
49871
49872
49873
49874
49875
49876
49877
49878
49879
49880
49881
49882
49883
49884
49899
49900
49901
49902
49903
49904
49905
49906
49907
49908
49909
49910
49911
49912
49913
49914
49929
49930
49931
49932
49933
49934
49935
49936
49937
49938
49939
49940
49941
49942
49943
49944
33613
33614
33615
33616
33617
33618
33619
33620
33621
33636
33637
33638
33639
33640
33641
33642
33643
33644
33653
33654
33655
33656
33657
33658
33659
33660
33661
33676
33677
33678
33679
33680
33681
33682
33683
33684
33693
33694
33695
33696
33697
33698
33699
33700
33701
33716
33717
33718
33719
33720
33721
33722
33723
33724
33734
33735
33736
33737
33738
33739
33740
33741
33756
33757
33758
33759
33760
33761
33762
33763
33764
33774
33775
33776
33777
33778
33779
33780
33781
33796
33797
33798
33799
33800
33801
33802
33803
17755
17756
17757
17758
17759
17760
17761
17762
17763
17776
17777
17778
17779
17780
17781
17782
17783
17784
17793
17794
17795
17796
17797
17798
17799
17800
17801
17814
17815
17816
17817
17818
17819
17820
17821
17822
17831
17832
17833
17834
17835
17836
17837
17838
17839
17852
17853
17854
17855
17856
17857
17858
17859
17860
17869
17870
17871
17872
17873
17874
17875
17876
17877
17890
17891
17892
17893
17894
17895
17896
17897
17898
17907
17908
17909
17910
17911
17912
17913
17914
17915
17928
17929
17930
17931
17932
17933
17934
17935
17936
51159
51160
51161
51162
51163
51164
51165
51166
51167
51168
51169
51170
51171
51172
51187
51188
51189
51190
51191
51192
51193
51194
51195
51196
51197
51198
51199
51200
51215
51216
51217
51218
51219
51220
51221
51222
51223
51224
51225
51226
51227
51228
51243
51244
51245
51246
51247
51248
51249
51250
51251
51252
51253
51254
51255
51256
51271
51272
51273
51274
51275
51276
51277
51278
51279
51280
51281
51282
51283
51284
35403
35404
35405
35406
35407
35408
35409
35410
35425
35426
35427
35428
35429
35430
35431
35432
35441
35442
35443
35444
35445
35446
35447
35448
35463
35464
35465
35466
35467
35468
35469
35470
35479
35480
35481
35482
35483
35484
35485
35486
35501
35502
35503
35504
35505
35506
35507
35508
35517
35518
35519
35520
35521
35522
35523
35524
35539
35540
35541
35542
35543
35544
35545
35546
35555
35556
35557
35558
35559
35560
35561
35562
35577
35578
35579
35580
35581
35582
35583
35584
2979
2980
2981
2982
2983
2984
2985
2986
3005
3006
3007
3008
3009
3010
3011
3012
3031
3032
3033
3034
3035
3036
3037
3038
3057
3058
3059
3060
3061
3062
3063
3064
19459
19460
19461
19462
19463
19464
19465
19466
3084
3085
3086
3087
3088
3089
19481
19482
19483
19484
19485
19486
19487
19488
19497
19498
19499
19500
19501
19502
19503
19504
19519
19520
19521
19522
19523
19524
19525
19526
19535
19536
19537
19538
19539
19540
19541
19542
19557
19558
19559
19560
19561
19562
19563
19564
19573
19574
19575
19576
19577
19578
19579
19580
19595
19596
19597
19598
19599
19600
19601
19602
19611
19612
19613
19614
19615
19616
19617
19618
19633
19634
19635
19636
19637
19638
19639
19640
52421
52422
52423
52424
52425
52426
52427
52428
52447
52448
52449
52450
52451
52452
52453
52454
52473
52474
52475
52476
52477
52478
52479
52480
52499
52500
52501
52502
52503
52504
52505
52506
52526
52527
52528
52529
52530
52531
4147
4148
4149
4150
4151
4152
4153
4154
4155
4156
4157
4158
4159
4160
4175
4176
4177
4178
4179
4180
4181
4182
4183
4184
4185
4186
4187
4188
4203
4204
4205
4206
4207
4208
4209
4210
4211
4212
4213
4214
4215
4216
4231
4232
4233
4234
4235
4236
4237
4238
4239
4240
4241
4242
4243
4244
4259
4260
4261
4262
4263
4264
4265
4266
4267
4268
4269
4270
4271
4272
37107
37108
37109
37110
37111
37112
37113
37114
37115
37128
37129
37130
37131
37132
37133
37134
37135
37136
37145
37146
37147
37148
37149
37150
37151
37152
37153
37166
37167
37168
37169
37170
37171
37172
37173
37174
37183
37184
37185
37186
37187
37188
37189
37190
37191
37204
37205
37206
37207
37208
37209
37210
37211
37212
37221
37222
37223
37224
37225
37226
37227
37228
37229
37242
37243
37244
37245
37246
37247
37248
37249
37250
37259
37260
37261
37262
37263
37264
37265
37266
37267
37280
37281
37282
37283
37284
37285
37286
37287
37288
21163
21164
21165
21166
21167
21168
21169
21170
21171
21186
21187
21188
21189
21190
21191
21192
21193
21194
21203
21204
21205
21206
21207
21208
21209
21210
21211
21226
21227
21228
21229
21230
21231
21232
21233
21234
21243
21244
21245
21246
21247
21248
21249
21250
21251
21266
21267
21268
21269
21270
21271
21272
21273
21274
21284
21285
21286
21287
21288
21289
21290
21291
21306
21307
21308
21309
21310
21311
21312
21313
21314
21324
21325
21326
21327
21328
21329
21330
21331
21346
21347
21348
21349
21350
21351
21352
21353
5407
5408
5409
5410
5411
5412
5413
5414
5415
5416
5417
5418
5419
5420
5421
5422
5437
5438
5439
5440
5441
5442
5443
5444
5445
5446
5447
5448
5449
5450
5451
5452
5467
5468
5469
5470
5471
5472
5473
5474
5475
5476
5477
5478
5479
5480
5481
5482
5497
5498
5499
5500
5501
5502
5503
5504
5505
5506
5507
5508
5509
5510
5511
5512
5527
5528
5529
5530
5531
5532
5533
5534
5535
5536
5537
5538
5539
5540
5541
5542
38811
38812
38813
38814
38815
38816
38817
38818
38819
38820
38831
38832
38833
38834
38835
38836
38837
38838
38839
38840
38849
38850
38851
38852
38853
38854
38855
38856
38857
38858
38869
38870
38871
38872
38873
38874
38875
38876
38877
38878
38888
38889
38890
38891
38892
38893
38894
38895
38896
38907
38908
38909
38910
38911
38912
38913
38914
38915
38916
38926
38927
38928
38929
38930
38931
38932
38933
38934
38945
38946
38947
38948
38949
38950
38951
38952
38953
38954
38964
38965
38966
38967
38968
38969
38970
38971
38972
38983
38984
38985
38986
38987
38988
38989
38990
38991
38992
22955
22956
22957
22958
22959
22960
22961
22962
22979
22980
22981
22982
22983
22984
22985
22986
22995
22996
22997
22998
22999
23000
23001
23002
23019
23020
23021
23022
23023
23024
23025
23026
23035
23036
23037
23038
23039
23040
23041
23042
23059
23060
23061
23062
23063
23064
23065
23066
23075
23076
23077
23078
23079
23080
23081
23082
23099
23100
23101
23102
23103
23104
23105
23106
23115
23116
23117
23118
23119
23120
23121
23122
23139
23140
6756
23141
6757
23142
6758
23143
6759
23144
6760
23145
6761
23146
6762
6763
6764
6765
6766
6767
6768
6769
6770
6771
6772
6773
6774
6775
6788
6789
6790
6791
6792
6793
6794
6795
6796
6797
6798
6799
6800
6801
6802
6803
6804
6805
6806
6807
6820
6821
6822
6823
6824
6825
6826
6827
6828
6829
6830
6831
6832
6833
6834
6835
6836
6837
6838
6839
6852
6853
6854
6855
6856
6857
6858
6859
6860
6861
6862
6863
6864
6865
6866
6867
6868
6869
6870
6871
6884
6885
6886
6887
6888
6889
6890
6891
6892
6893
6894
6895
6896
6897
6898
6899
6900
6901
6902
6903
40515
40516
40517
40518
40519
40520
40521
40522
40523
40524
40525
40532
40533
40534
40535
40536
40537
40538
40539
40540
40541
40542
40552
40553
40554
40555
40556
40557
40558
40559
40560
40561
40562
40569
40570
40571
40572
40573
40574
40575
40576
40577
40578
40579
40589
40590
40591
40592
40593
40594
40595
40596
40597
40598
40599
40606
40607
40608
40609
40610
40611
40612
40613
40614
40615
40616
40626
40627
40628
40629
40630
40631
40632
40633
40634
40635
40636
40643
40644
40645
40646
40647
40648
40649
40650
40651
40652
40653
40663
40664
40665
40666
40667
40668
40669
40670
40671
40672
40673
40680
40681
40682
40683
40684
40685
40686
40687
40688
40689
40690
8195
8196
8197
8198
8199
8200
8201
8202
8203
8204
8205
8206
8207
8208
8209
8210
8211
8212
8213
8214
8215
8216
8227
8228
8229
8230
8231
8232
8233
8234
8235
8236
8237
8238
8239
8240
8241
8242
8243
8244
8245
8246
8247
8248
8259
8260
8261
8262
8263
8264
8265
8266
8267
8268
8269
8270
8271
8272
8273
8274
8275
8276
8277
8278
8279
8280
8291
8292
8293
8294
8295
8296
8297
8298
8299
8300
8301
8302
8303
8304
8305
8306
8307
8308
8309
8310
8311
8312
8323
8324
8325
8326
8327
8328
8329
8330
8331
8332
8333
8334
8335
8336
8337
8338
8339
8340
8341
8342
8343
8344
24744
24745
24746
24747
24748
24749
24750
24751
24768
24769
24770
24771
24772
24773
24774
24775
24784
24785
24786
24787
24788
24789
24790
24791
24808
24809
24810
24811
24812
24813
24814
24815
24824
24825
24826
24827
24828
24829
24830
24831
24848
24849
24850
24851
24852
24853
24854
24855
24864
24865
24866
24867
24868
24869
24870
24871
24888
24889
24890
24891
24892
24893
24894
24895
24904
24905
24906
24907
24908
24909
24910
24911
24928
24929
24930
24931
24932
24933
24934
24935
42175
42176
42177
42178
42179
42180
42181
42182
42183
42184
42185
42186
42187
42188
42189
42190
42191
42192
42193
42194
42195
42196
42197
42198
42199
42200
42211
42212
42213
42214
42215
42216
42217
42218
42219
42220
42221
42222
42223
42224
42225
42226
42227
42228
42229
42230
42231
42232
42233
42234
42235
42236
42247
42248
42249
42250
42251
42252
42253
42254
42255
42256
42257
42258
42259
42260
42261
42262
42263
42264
42265
42266
42267
42268
42269
42270
42271
42272
42283
42284
42285
42286
42287
42288
42289
42290
42291
42292
42293
42294
42295
42296
42297
42298
42299
42300
42301
42302
42303
42304
42305
42306
42307
42308
42319
42320
42321
42322
42323
42324
42325
42326
42327
42328
42329
42330
42331
42332
42333
42334
42335
42336
42337
42338
42339
42340
42341
42342
42343
42344
9635
9636
9637
9638
9639
9640
9641
9642
9643
9644
9645
9646
9647
9648
9649
9650
9651
9652
9653
9654
9655
9656
9657
9658
9669
9670
9671
9672
9673
9674
9675
9676
9677
9678
9679
9680
9681
9682
9683
9684
9685
9686
9687
9688
9689
9690
9691
9692
9703
9704
9705
9706
9707
9708
9709
9710
9711
9712
9713
9714
9715
9716
9717
9718
9719
9720
9721
9722
9723
9724
9725
9726
9737
9738
9739
9740
9741
9742
9743
9744
9745
9746
9747
9748
9749
9750
9751
9752
9753
9754
9755
9756
9757
9758
9759
9760
9771
9772
9773
9774
9775
9776
9777
9778
9779
9780
9781
9782
9783
9784
9785
9786
9787
9788
9789
9790
9791
9792
9793
9794
26537
26538
26539
26540
26541
26542
26543
26544
26561
26562
26563
26564
26565
26566
26567
26568
26577
26578
26579
26580
26581
26582
26583
26584
26601
26602
26603
26604
26605
26606
26607
26608
26617
26618
26619
26620
26621
26622
26623
26624
26641
26642
26643
26644
26645
26646
26647
26648
26657
26658
26659
26660
26661
26662
26663
26664
26681
26682
26683
26684
26685
26686
26687
26688
26697
26698
26699
26700
26701
26702
26703
26704
26721
26722
26723
26724
26725
26726
26727
26728
43789
43790
43791
43792
43793
43794
43795
43796
43797
43798
43799
43800
43801
43802
43803
43804
43805
43806
43807
43808
43809
43810
43811
43812
43813
43814
43825
43826
43827
43828
43829
43830
43831
43832
43833
43834
43835
43836
43837
43838
43839
43840
43841
43842
43843
43844
43845
43846
43847
43848
43849
43850
43861
43862
43863
43864
43865
43866
43867
43868
43869
43870
43871
43872
43873
43874
43875
43876
43877
43878
43879
43880
43881
43882
43883
43884
43885
43886
43897
43898
43899
43900
43901
43902
43903
43904
43905
43906
43907
43908
43909
43910
43911
43912
43913
43914
43915
43916
43917
43918
43919
43920
43921
43922
43933
11165
43934
11166
43935
11167
43936
11168
43937
11169
43938
11170
43939
11171
43940
11172
43941
11173
43942
11174
43943
11175
43944
11176
43945
11177
43946
11178
43947
11179
43948
11180
43949
11181
43950
11182
43951
11183
43952
11184
43953
11185
43954
11186
43955
11187
43956
11188
43957
11189
43958
11190
11201
11202
11203
11204
11205
11206
11207
11208
11209
11210
11211
11212
11213
11214
11215
11216
11217
11218
11219
11220
11221
11222
11223
11224
11225
11226
11237
11238
11239
11240
11241
11242
11243
11244
11245
11246
11247
11248
11249
11250
11251
11252
11253
11254
11255
11256
11257
11258
11259
11260
11261
11262
11273
11274
11275
11276
11277
11278
11279
11280
11281
11282
11283
11284
11285
11286
11287
11288
11289
11290
11291
11292
11293
11294
11295
11296
11297
11298
11309
11310
11311
11312
11313
11314
11315
11316
11317
11318
11319
11320
11321
11322
11323
11324
11325
11326
11327
11328
11329
11330
11331
11332
11333
11334
28329
28330
28331
28332
28333
28334
28335
28336
28353
28354
28355
28356
28357
28358
28359
28360
28369
28370
28371
28372
28373
28374
28375
28376
28393
28394
28395
28396
28397
28398
28399
28400
28409
28410
28411
28412
28413
28414
28415
28416
28433
28434
28435
28436
28437
28438
28439
28440
28449
28450
28451
28452
28453
28454
28455
28456
28473
28474
28475
28476
28477
28478
28479
28480
28489
28490
28491
28492
28493
28494
28495
28496
28513
28514
28515
28516
28517
28518
28519
28520
45403
45404
45405
45406
45407
45408
45409
45410
45411
45412
45413
45414
45415
45416
45417
45418
45419
45420
45421
45422
45423
45424
45425
45426
45437
45438
45439
45440
45441
45442
45443
45444
45445
45446
45447
45448
45449
45450
45451
45452
45453
45454
45455
45456
45457
45458
45459
45460
45471
45472
45473
45474
45475
45476
45477
45478
45479
45480
45481
45482
45483
45484
45485
45486
45487
45488
45489
45490
45491
45492
45493
45494
45505
45506
45507
45508
45509
45510
45511
45512
45513
45514
45515
45516
45517
45518
45519
45520
45521
45522
45523
45524
45525
45526
45527
45528
45539
45540
45541
45542
45543
45544
45545
45546
45547
12779
45548
12780
45549
12781
45550
12782
45551
12783
45552
12784
45553
12785
45554
12786
45555
12787
45556
12788
45557
12789
45558
12790
45559
12791
45560
12792
45561
12793
45562
12794
12795
12796
12797
12798
12799
12800
12801
12802
12803
12804
12815
12816
12817
12818
12819
12820
12821
12822
12823
12824
12825
12826
12827
12828
12829
12830
12831
12832
12833
12834
12835
12836
12837
12838
12839
12840
12851
12852
12853
12854
12855
12856
12857
12858
12859
12860
12861
12862
12863
12864
12865
12866
12867
12868
12869
12870
12871
12872
12873
12874
12875
12876
12887
12888
12889
12890
12891
12892
12893
12894
12895
12896
12897
12898
12899
12900
12901
12902
12903
12904
12905
12906
12907
12908
12909
12910
12911
12912
12923
12924
12925
12926
12927
12928
12929
12930
12931
12932
12933
12934
12935
12936
12937
12938
12939
12940
12941
12942
12943
12944
12945
12946
12947
12948
30028
30029
30030
30031
30032
30033
30034
30035
30052
30053
30054
30055
30056
30057
30058
30059
30068
30069
30070
30071
30072
30073
30074
30075
30092
30093
30094
30095
30096
30097
30098
30099
30108
30109
30110
30111
30112
30113
30114
30115
30132
30133
30134
30135
30136
30137
30138
30139
30148
30149
30150
30151
30152
30153
30154
30155
30172
30173
30174
30175
30176
30177
30178
30179
30188
30189
30190
30191
30192
30193
30194
30195
30212
30213
30214
30215
30216
30217
30218
30219
46927
46928
46929
46930
46931
46932
46933
46934
46935
46936
46937
46938
46939
46940
46941
46942
46943
46944
46945
46946
46947
46948
46959
46960
46961
46962
46963
46964
46965
46966
46967
46968
46969
46970
46971
46972
46973
46974
46975
46976
46977
46978
46979
46980
46991
46992
46993
46994
46995
46996
46997
46998
46999
47000
47001
47002
47003
47004
47005
47006
47007
47008
47009
47010
47011
47012
47023
47024
47025
47026
47027
47028
47029
47030
47031
47032
47033
47034
47035
47036
47037
47038
47039
47040
47041
47042
47043
47044
47055
47056
47057
47058
47059
47060
47061
47062
47063
47064
47065
47066
47067
47068
47069
47070
47071
47072
47073
47074
47075
47076
14392
14393
14394
14395
14396
14397
14398
14399
14400
14401
14402
14409
14410
14411
14412
14413
14414
14415
14416
14417
14418
14419
14429
14430
14431
14432
14433
14434
14435
14436
14437
14438
14439
14446
14447
14448
14449
14450
14451
14452
14453
14454
14455
14456
14466
14467
14468
14469
14470
14471
14472
14473
14474
14475
14476
14483
14484
14485
14486
14487
14488
14489
14490
14491
14492
14493
14503
14504
14505
14506
14507
14508
14509
14510
14511
14512
14513
14520
14521
14522
14523
14524
14525
14526
14527
14528
14529
14530
14540
14541
14542
14543
14544
14545
14546
14547
14548
14549
14550
14557
14558
14559
14560
14561
14562
14563
14564
14565
14566
14567
31820
31821
31822
31823
31824
31825
31826
31827
31844
31845
31846
31847
31848
31849
31850
31851
31860
31861
31862
31863
31864
31865
31866
31867
31884
31885
31886
31887
31888
31889
31890
31891
31900
31901
31902
31903
31904
31905
31906
31907
31924
31925
31926
31927
31928
31929
31930
31931
31940
31941
31942
31943
31944
31945
31946
31947
31964
31965
31966
31967
31968
31969
31970
31971
31980
31981
31982
31983
48368
31984
48369
31985
48370
31986
48371
31987
48372
48373
48374
48375
48376
48377
48378
48379
48380
48381
48382
48383
48384
48385
48386
48387
32004
32005
32006
32007
32008
32009
32010
32011
48400
48401
48402
48403
48404
48405
48406
48407
48408
48409
48410
48411
48412
48413
48414
48415
48416
48417
48418
48419
48432
48433
48434
48435
48436
48437
48438
48439
48440
48441
48442
48443
48444
48445
48446
48447
48448
48449
48450
48451
48464
48465
48466
48467
48468
48469
48470
48471
48472
48473
48474
48475
48476
48477
48478
48479
48480
48481
48482
48483
48496
48497
48498
48499
48500
48501
48502
48503
48504
48505
48506
48507
48508
48509
48510
48511
48512
48513
48514
48515
16051
16052
16053
16054
16055
16056
16057
16058
16059
16060
16071
16072
16073
16074
16075
16076
16077
16078
16079
16080
16089
16090
16091
16092
16093
16094
16095
16096
16097
16098
16109
16110
16111
16112
16113
16114
16115
16116
16117
16118
16128
16129
16130
16131
16132
16133
16134
16135
16136
16147
16148
16149
16150
16151
16152
16153
16154
16155
16156
16166
16167
16168
16169
16170
16171
16172
16173
16174
16185
16186
16187
16188
16189
16190
16191
16192
16193
16194
16204
16205
16206
16207
16208
16209
16210
16211
16212
16223
16224
16225
16226
16227
16228
16229
16230
16231
16232
)


// ************************************************************************* //
