/*--------------------------------*- C++ -*----------------------------------*\
| =========                 |                                                 |
| \\      /  F ield         | OpenFOAM: The Open Source CFD Toolbox           |
|  \\    /   O peration     | Version:  2412                                  |
|   \\  /    A nd           | Website:  www.openfoam.com                      |
|    \\/     M anipulation  |                                                 |
\*---------------------------------------------------------------------------*/
FoamFile
{
    version     2.0;
    format      binary;
    arch        "LSB;label=32;scalar=64";
    class       cellSet;
    location    "constant/polyMesh/sets";
    object      injection1;
}
// * * * * * * * * * * * * * * * * * * * * * * * * * * * * * * * * * * * * * //


2964
(
4096
4097
4098
4099
4100
4101
4102
4103
4112
4113
4114
4115
4116
4117
4118
4119
4120
4133
4134
4135
4136
4137
4138
4139
4140
4141
4150
4151
4152
4153
4154
4155
4156
4157
4158
4171
4172
4173
4174
4175
4176
4177
4178
4179
8369
8370
8371
8372
8373
8374
8375
8376
8377
8390
8391
8392
8393
8394
8395
8396
8397
8398
8407
8408
8409
8410
8411
8412
8413
8414
8415
8428
8429
8430
8431
8432
8433
8434
8435
8436
8445
8446
8447
8448
8449
8450
8451
8452
8453
8466
8467
8468
8469
8470
8471
8472
8473
8474
4382
4383
4384
4385
4386
8483
4387
8484
4388
8485
4389
8486
8487
8488
8489
8490
8491
4404
4405
4406
4407
8504
4408
8505
4409
8506
4410
8507
4411
8508
8509
8510
8511
8512
4420
4421
4422
4423
4424
8521
4425
8522
4426
8523
4427
8524
8525
8526
8527
8528
8529
4442
4443
4444
4445
8542
4446
8543
4447
8544
4448
8545
4449
8546
8547
8548
8549
8550
4458
4459
4460
4461
4462
4463
4464
4465
4480
4481
4482
4483
4484
4485
4486
4487
4496
4497
4498
4499
4500
4501
4502
4503
4518
4519
4520
4521
4522
4523
4524
4525
4534
4535
4536
4537
4538
4539
4540
4541
4556
4557
4558
4559
4560
4561
4562
4563
8751
8752
8753
8754
8755
8756
8757
8758
8759
8760
8771
8772
8773
8774
8775
8776
8777
8778
8779
8780
8789
8790
8791
8792
8793
8794
8795
8796
8797
8798
8809
8810
8811
8812
8813
8814
8815
8816
8817
8818
8828
8829
8830
8831
8832
8833
8834
8835
8836
8847
8848
8849
8850
8851
8852
8853
8854
8855
8856
669
4765
670
4766
671
4767
672
4768
673
4769
8866
674
4770
8867
675
4771
8868
676
4772
8869
4773
8870
8871
8872
8873
8874
4788
8885
4789
8886
4790
8887
695
4791
8888
696
4792
8889
697
4793
8890
698
4794
8891
699
4795
8892
700
4796
8893
701
8894
702
4805
4806
4807
8904
4808
8905
4809
8906
4810
8907
4811
8908
4812
8909
4813
8910
8911
8912
721
722
723
724
725
726
727
728
8923
8924
4828
8925
4829
8926
4830
8927
4831
8928
4832
8929
4833
8930
4834
8931
4835
8932
4836
747
748
749
4845
750
4846
751
4847
752
4848
753
4849
754
4850
4851
4852
4853
4868
4869
774
4870
775
4871
776
4872
777
4873
778
4874
779
4875
4876
4886
4887
4888
4889
4890
4891
4892
4893
4908
4909
4910
4911
4912
4913
4914
4915
4916
4926
4927
4928
4929
4930
4931
4932
4933
4948
4949
4950
4951
4952
4953
4954
4955
927
928
929
930
931
932
933
934
935
936
937
938
939
940
9133
9134
9135
9136
9137
9138
9139
9140
9141
9142
9143
955
956
957
9150
958
9151
959
9152
960
9153
961
9154
962
9155
963
9156
964
9157
965
9158
966
9159
967
9160
968
9170
9171
9172
9173
9174
9175
983
9176
984
9177
985
9178
986
9179
987
9180
988
989
990
991
992
993
994
9187
995
9188
996
9189
9190
9191
9192
9193
9194
9195
9196
9197
1011
1012
1013
1014
9207
1015
9208
1016
9209
1017
9210
1018
9211
1019
9212
1020
9213
1021
9214
1022
9215
1023
9216
1024
9217
9224
9225
9226
9227
9228
9229
9230
9231
1039
9232
1040
9233
1041
9234
1042
1043
1044
1045
1046
1047
1048
1049
1050
1051
9244
1052
9245
9246
9247
9248
9249
9250
9251
9252
9253
9254
9261
9262
9263
9264
9265
5169
9266
5170
9267
5171
9268
5172
9269
5173
9270
5174
9271
5175
5176
9281
9282
9283
9284
9285
9286
9287
9288
9289
5193
9290
5194
9291
5195
5196
5197
5198
5199
5200
9298
9299
9300
9301
9302
9303
9304
9305
5209
9306
5210
9307
5211
9308
5212
5213
5214
5215
5216
5233
5234
5235
5236
5237
5238
5239
5240
5249
5250
5251
5252
5253
5254
5255
5256
5273
5274
5275
5276
5277
5278
5279
5280
5289
5290
5291
5292
5293
5294
5295
5296
1207
1208
1209
1210
1211
1212
1213
1214
1215
1216
1217
5313
1218
5314
1219
5315
1220
5316
1221
5317
1222
5318
5319
5320
5329
5330
5331
5332
1237
5333
1238
5334
1239
5335
1240
5336
1241
1242
1243
1244
1245
1246
1247
1248
1249
1250
1251
1252
5353
5354
5355
5356
5357
5358
5359
5360
1267
1268
1269
1270
1271
1272
1273
1274
1275
1276
1277
1278
1279
1280
1281
1282
1297
1298
1299
1300
1301
1302
1303
1304
1305
1306
1307
1308
1309
1310
1311
1312
9507
9508
9509
9510
9511
9512
9513
9514
9515
9516
9517
9518
9519
1327
9520
1328
9521
1329
9522
1330
9523
1331
9524
1332
9525
1333
9526
1334
9527
1335
9528
1336
9529
1337
9530
1338
9531
1339
9532
1340
1341
1342
9543
9544
9545
9546
9547
9548
9549
9550
9551
9552
9553
9554
9555
9556
9557
9558
9559
9560
9561
9562
9563
9564
9565
9566
9567
9568
9579
9580
9581
9582
9583
9584
9585
9586
9587
9588
9589
9590
9591
9592
9593
9594
9595
9596
9597
9598
9599
9600
9601
9602
9603
9604
9615
9616
9617
9618
9619
9620
9621
9622
9623
9624
9625
9626
9627
9628
9629
9630
9631
9632
9633
9634
9635
9636
9637
9638
9639
9640
9651
9652
9653
9654
9655
9656
9657
9658
9659
9660
9661
9662
9663
9664
9665
9666
9667
9668
9669
5573
9670
5574
9671
5575
9672
5576
9673
5577
9674
5578
9675
5579
9676
5580
5597
5598
5599
5600
5601
1506
5602
1507
5603
1508
5604
1509
1510
1511
1512
1513
1514
1515
1516
1517
5613
1518
5614
1519
5615
1520
5616
1521
5617
1522
5618
1523
5619
1524
5620
1525
1538
1539
1540
1541
5637
1542
5638
1543
5639
1544
5640
1545
5641
1546
5642
1547
5643
1548
5644
1549
1550
1551
1552
1553
1554
1555
1556
1557
5653
5654
5655
5656
5657
5658
5659
5660
1570
1571
1572
1573
1574
1575
1576
1577
1578
1579
1580
1581
5677
1582
5678
1583
5679
1584
5680
1585
5681
1586
5682
1587
5683
1588
5684
1589
5693
5694
5695
5696
5697
1602
5698
1603
5699
1604
5700
1605
1606
1607
1608
1609
1610
1611
1612
1613
1614
1615
1616
1617
1618
1619
1620
1621
5717
5718
5719
5720
5721
5722
5723
5724
1634
1635
1636
1637
5733
1638
5734
1639
5735
1640
5736
1641
5737
1642
5738
1643
5739
1644
5740
1645
1646
1647
1648
1649
1650
1651
1652
1653
5757
5758
5759
5760
5761
5762
5763
5764
9870
9871
9872
9873
9874
9875
9876
9877
9878
9879
9880
9881
9882
9883
9884
9885
9886
9887
9888
9889
9890
9891
9892
9893
9894
9895
9906
9907
9908
9909
9910
9911
9912
9913
9914
9915
9916
9917
9918
9919
9920
9921
9922
9923
9924
9925
9926
9927
9928
9929
9930
9931
9942
9943
9944
9945
9946
9947
9948
9949
9950
9951
9952
9953
9954
9955
9956
9957
9958
9959
9960
9961
9962
9963
9964
9965
9966
9967
9978
9979
9980
9981
9982
9983
9984
9985
9986
9987
9988
9989
9990
9991
9992
9993
9994
9995
9996
9997
9998
9999
10000
10001
10002
10003
10014
10015
10016
10017
10018
10019
10020
10021
10022
10023
10024
10025
1833
10026
1834
10027
1835
10028
1836
10029
1837
10030
1838
10031
1839
10032
1840
10033
1841
10034
1842
10035
1843
10036
1844
10037
1845
10038
1846
10039
1847
1848
1849
1850
1851
1852
1853
1854
1865
1866
1867
1868
1869
1870
1871
1872
1873
1874
1875
1876
1877
1878
1879
1880
5976
1881
5977
1882
5978
1883
5979
1884
5980
1885
5981
1886
5982
5983
1897
1898
1899
1900
1901
1902
1903
1904
6000
1905
6001
1906
6002
1907
6003
1908
6004
1909
6005
1910
6006
1911
6007
1912
1913
1914
1915
1916
1917
1918
6016
6017
6018
6019
6020
6021
6022
6023
1929
1930
1931
1932
1933
1934
1935
1936
1937
1938
1939
1940
1941
1942
1943
1944
6040
1945
6041
1946
6042
1947
6043
1948
6044
1949
6045
1950
6046
6047
6056
1961
6057
1962
6058
1963
6059
1964
6060
1965
6061
1966
6062
1967
6063
1968
1969
1970
1971
1972
1973
1974
1975
1976
1977
1978
1979
1980
1981
1982
6080
6081
6082
6083
6084
6085
6086
6087
6096
6097
6098
6099
6100
6101
6102
6103
6120
6121
6122
6123
6124
6125
6126
6127
6136
10233
6137
10234
6138
10235
6139
10236
6140
10237
6141
10238
6142
10239
6143
10240
10241
10242
10243
10244
10245
10246
10247
10248
10249
10250
10251
10252
10253
10254
10255
10256
6160
6161
6162
6163
6164
6165
6166
6167
10267
10268
10269
10270
10271
10272
10273
10274
10275
10276
10277
10278
10279
10280
10281
10282
10283
10284
10285
10286
10287
10288
10289
10290
10301
10302
10303
10304
10305
10306
10307
10308
10309
10310
10311
10312
10313
10314
10315
10316
10317
10318
10319
10320
10321
10322
10323
10324
10335
10336
10337
10338
10339
10340
10341
10342
10343
10344
10345
10346
10347
10348
10349
10350
10351
10352
10353
10354
2162
10355
2163
10356
2164
10357
2165
10358
2166
2167
2168
2169
2170
2171
2172
2173
2174
2175
2176
10369
2177
10370
2178
10371
2179
10372
2180
10373
2181
10374
2182
10375
2183
10376
2184
10377
2185
10378
10379
10380
10381
10382
10383
10384
10385
10386
10387
10388
2196
10389
2197
10390
2198
10391
2199
10392
2200
2201
2202
2203
2204
2205
2206
2207
2208
2209
2210
2211
2212
2213
2214
2215
2216
2217
2218
2219
2230
2231
2232
2233
2234
2235
2236
2237
2238
2239
2240
2241
2242
2243
2244
2245
2246
2247
2248
2249
2250
2251
2252
2253
2264
2265
2266
2267
2268
2269
2270
2271
2272
2273
2274
2275
2276
2277
2278
2279
2280
2281
2282
6378
2283
6379
2284
6380
2285
6381
2286
6382
2287
6383
6384
6385
2298
2299
2300
2301
2302
2303
2304
2305
2306
6402
2307
6403
2308
6404
2309
6405
2310
6406
2311
6407
2312
6408
2313
6409
2314
2315
2316
2317
2318
2319
2320
2321
6418
6419
6420
6421
6422
6423
6424
6425
6442
6443
6444
6445
6446
6447
6448
6449
6458
6459
6460
6461
6462
6463
6464
6465
10577
10578
6482
10579
6483
10580
6484
10581
6485
10582
6486
10583
6487
10584
6488
10585
6489
10586
10587
10588
10589
10590
10591
10592
10593
10594
6498
10595
6499
10596
6500
10597
6501
10598
6502
6503
6504
6505
10609
10610
10611
10612
10613
10614
10615
10616
10617
10618
6522
10619
6523
10620
6524
10621
6525
10622
6526
10623
6527
10624
6528
10625
6529
10626
10627
10628
10629
10630
6538
6539
6540
6541
6542
6543
6544
10641
6545
10642
10643
10644
10645
10646
10647
10648
10649
10650
10651
10652
10653
10654
10655
10656
10657
10658
6562
10659
6563
10660
6564
10661
6565
10662
6566
6567
6568
6569
10673
10674
10675
10676
10677
10678
10679
10680
10681
10682
10683
10684
10685
10686
10687
10688
10689
10690
10691
10692
10693
10694
2510
2511
2512
10705
2513
10706
2514
10707
2515
10708
2516
10709
2517
10710
2518
10711
2519
10712
2520
10713
2521
10714
2522
10715
2523
10716
2524
10717
2525
10718
2526
10719
2527
10720
2528
10721
2529
10722
2530
10723
2531
10724
2532
10725
2533
10726
2534
2535
2546
2547
2548
2549
2550
2551
2552
2553
2554
2555
2556
2557
2558
2559
2560
2561
2562
2563
2564
2565
2566
2567
2568
2569
2570
2571
2582
2583
2584
2585
2586
2587
2588
2589
2590
2591
2592
2593
2594
2595
2596
2597
2598
2599
2600
2601
2602
2603
2604
2605
2606
2607
2618
2619
2620
2621
2622
2623
2624
2625
2626
2627
2628
2629
2630
2631
2632
2633
2634
2635
2636
2637
2638
2639
2640
2641
2642
2643
2654
2655
2656
2657
2658
2659
2660
2661
2662
2663
2664
2665
2666
2667
2668
2669
2670
2671
2672
2673
2674
2675
2676
2677
2678
2679
6780
6781
6782
6783
6784
6785
6786
6787
6804
6805
10902
6806
10903
6807
10904
6808
10905
6809
10906
6810
10907
6811
10908
10909
10910
10911
10912
10913
10914
10915
10916
6820
10917
6821
10918
6822
10919
6823
10920
6824
10921
6825
6826
6827
10934
10935
10936
10937
10938
10939
10940
6844
10941
6845
10942
6846
10943
6847
10944
6848
10945
6849
10946
6850
10947
6851
10948
10949
10950
10951
10952
10953
6860
6861
6862
6863
6864
6865
6866
6867
10966
10967
10968
10969
10970
10971
10972
10973
10974
10975
10976
10977
10978
10979
10980
6884
10981
6885
10982
6886
10983
6887
10984
6888
10985
6889
6890
6891
6900
6901
10998
6902
10999
6903
11000
6904
11001
6905
11002
6906
11003
6907
11004
11005
11006
11007
11008
11009
11010
11011
11012
11013
11014
11015
11016
11017
6924
6925
6926
6927
6928
6929
6930
6931
11030
11031
11032
11033
11034
11035
11036
6940
11037
6941
11038
6942
11039
6943
11040
6944
11041
6945
11042
6946
11043
6947
11044
11045
11046
11047
11048
11049
6964
6965
6966
6967
6968
6969
6970
6971
2876
2877
2878
2879
2880
2881
2882
2883
2884
2885
2886
2887
2888
2889
2890
2891
2892
2893
2894
2895
2896
2897
2898
2899
2900
2901
2912
2913
2914
2915
2916
2917
2918
2919
2920
2921
2922
2923
2924
2925
2926
2927
2928
2929
2930
2931
2932
2933
2934
2935
2936
2937
2948
2949
2950
2951
2952
2953
2954
2955
2956
2957
2958
2959
2960
2961
2962
2963
2964
2965
2966
2967
2968
2969
2970
2971
2972
2973
2984
2985
2986
2987
2988
2989
2990
2991
2992
2993
2994
2995
2996
2997
2998
2999
3000
3001
3002
3003
3004
3005
3006
3007
3008
3009
3020
3021
3022
3023
3024
3025
3026
3027
3028
3029
3030
3031
3032
3033
3034
3035
3036
3037
3038
11231
3039
11232
3040
11233
3041
11234
3042
11235
3043
11236
3044
11237
3045
11238
11239
11240
11241
11242
11243
11244
11245
11246
11261
11262
11263
11264
11265
11266
11267
11268
11269
11270
11271
11272
11273
11274
11275
11276
7182
7183
7184
7185
7186
7187
7188
7189
11291
11292
11293
11294
11295
11296
11297
11298
11299
11300
11301
11302
7206
11303
7207
11304
7208
11305
7209
11306
7210
7211
7212
7213
7222
7223
7224
11321
7225
11322
7226
11323
7227
11324
7228
11325
7229
11326
11327
11328
11329
11330
11331
11332
11333
11334
11335
11336
7246
7247
7248
7249
7250
7251
7252
7253
11351
11352
11353
11354
11355
11356
11357
11358
7262
11359
7263
11360
7264
11361
7265
11362
7266
11363
7267
11364
7268
11365
7269
11366
7286
7287
7288
7289
7290
7291
7292
7293
7302
7303
7304
7305
7306
7307
7308
7309
7326
7327
7328
7329
7330
7331
7332
7333
3240
3241
3242
3243
3244
3245
7342
3246
7343
3247
7344
3248
7345
3249
7346
3250
7347
7348
7349
3257
3258
3259
3260
3261
3262
3263
3264
3265
3266
3267
7366
7367
7368
7369
7370
7371
7372
7373
3277
3278
3279
3280
3281
3282
3283
3284
3285
3286
3287
3294
3295
3296
3297
3298
3299
3300
3301
3302
3303
3304
3314
3315
3316
3317
3318
3319
3320
3321
3322
3323
3324
3331
3332
3333
3334
3335
3336
3337
3338
11531
3339
11532
3340
11533
3341
11534
11535
11536
11537
11538
11539
11540
11541
11542
11543
3351
11544
3352
3353
3354
3355
3356
3357
3358
3359
3360
3361
11559
11560
3368
11561
3369
11562
3370
11563
3371
11564
3372
11565
3373
11566
3374
11567
3375
11568
3376
11569
3377
11570
3378
11571
11572
3388
3389
3390
3391
3392
3393
3394
11587
3395
11588
3396
11589
3397
11590
3398
11591
11592
11593
11594
11595
11596
11597
3405
11598
3406
11599
3407
11600
3408
3409
3410
3411
3412
3413
3414
3415
11615
11616
11617
11618
11619
11620
11621
11622
11623
11624
11625
11626
11627
11628
11643
11644
11645
11646
11647
11648
11649
11650
11651
11652
11653
11654
11655
11656
7584
7585
7586
7587
7588
7589
7590
7591
7592
7607
7608
7609
7610
7611
7612
7613
7614
7615
7624
7625
7626
7627
7628
7629
7630
7631
7632
7647
7648
7649
7650
7651
7652
7653
7654
7655
7664
7665
7666
7667
7668
7669
7670
7671
7672
7687
7688
7689
7690
7691
7692
7693
7694
7695
7705
7706
7707
7708
7709
7710
7711
3615
7712
3616
3617
3618
3619
3620
11813
3621
11814
3622
11815
3623
11816
3624
11817
11818
11819
11820
7727
7728
7729
7730
7731
3635
7732
3636
7733
3637
7734
3638
7735
3639
3640
3641
3642
3643
3644
11839
11840
11841
7745
11842
7746
11843
7747
11844
7748
11845
7749
3653
11846
7750
3654
7751
3655
7752
3656
3657
3658
3659
3660
3661
3662
7767
7768
11865
7769
3673
11866
7770
3674
11867
7771
3675
11868
7772
3676
11869
7773
3677
11870
7774
3678
11871
3679
11872
3680
3681
3682
3692
3693
3694
3695
3696
3697
3698
11891
3699
11892
3700
11893
11894
11895
11896
11897
11898
3711
3712
3713
3714
3715
3716
3717
3718
3719
3720
11918
11919
11920
11921
11922
3730
11923
3731
3732
3733
3734
3735
3736
3737
3738
3749
3750
3751
3752
3753
3754
3755
3756
3757
3758
3768
3769
3770
3771
3772
3773
3774
3775
3776
3787
3788
3789
3790
3791
3792
3793
3794
3795
3796
7987
7988
7989
7990
7991
7992
7993
7994
8009
8010
8011
8012
8013
8014
8015
8016
8025
8026
8027
8028
8029
8030
8031
8032
8047
8048
8049
8050
8051
8052
8053
8054
8063
8064
8065
8066
8067
8068
8069
8070
8085
8086
8087
8088
8089
8090
8091
8092
3998
3999
4000
4001
4002
4003
4004
8101
4005
8102
4006
8103
8104
8105
8106
8107
8108
4019
4020
4021
4022
4023
4024
4025
4026
8123
4027
8124
8125
8126
8127
8128
8129
8130
4036
4037
4038
4039
4040
4041
4042
8139
4043
8140
4044
8141
8142
8143
8144
8145
8146
4057
4058
4059
4060
4061
4062
4063
4064
8161
4065
8162
8163
8164
8165
8166
8167
8168
4074
4075
4076
4077
4078
4079
4080
4081
4082
4095
)


// ************************************************************************* //
