/*--------------------------------*- C++ -*----------------------------------*\
| =========                 |                                                 |
| \\      /  F ield         | OpenFOAM: The Open Source CFD Toolbox           |
|  \\    /   O peration     | Version:  2412                                  |
|   \\  /    A nd           | Website:  www.openfoam.com                      |
|    \\/     M anipulation  |                                                 |
\*---------------------------------------------------------------------------*/
FoamFile
{
    version     2.0;
    format      binary;
    arch        "LSB;label=32;scalar=64";
    class       cellSet;
    location    "constant/polyMesh/sets";
    object      injection1;
}
// * * * * * * * * * * * * * * * * * * * * * * * * * * * * * * * * * * * * * //


1600
(
32992
32993
32994
33009
33010
33011
33012
33013
33014
33015
33016
33031
33032
33033
33034
33035
33036
33037
33038
33039
33040
33041
33042
33043
33058
33059
33060
33061
33062
33063
33064
33065
33067
33068
33069
33070
33071
33072
33073
33074
33089
33090
33091
33092
33093
33094
33095
33096
17830
17831
17832
17847
17848
17849
17850
17851
17852
17853
17854
17869
17870
17871
17872
17873
17874
17875
17876
17877
17878
17879
17880
17881
17896
17897
17898
17899
17900
17901
17902
17903
17905
17906
17907
17908
17909
17910
17911
17912
17927
17928
17929
17930
17931
17932
17933
17934
34612
34613
34614
34627
34628
34629
34630
34631
34632
34633
34634
34635
34648
34649
34650
34651
34652
34653
34654
34655
34656
34657
34658
34659
34660
34661
34674
34675
34676
34677
34678
34679
34680
34681
34683
34684
34685
34686
34687
34688
34689
34690
34691
34704
34705
34706
34707
34708
34709
34710
34711
34712
2552
2553
2554
2555
2556
2557
2558
2559
19454
19455
19456
19471
19472
19473
19474
19475
19476
19477
19478
19479
19494
19495
19496
19497
19498
19499
19500
19501
19502
19503
19504
19505
19506
19507
19522
19523
19524
19525
19526
19527
19528
19529
19530
19531
19532
19533
19534
19535
19536
19537
19538
19553
19554
19555
19556
19557
19558
19559
19560
19561
36222
36223
36224
36235
36236
36237
36238
36239
36240
36241
36242
36243
36244
36255
36256
36257
36258
36259
36260
36261
36262
36263
36264
36265
36266
36267
36268
36269
36270
36281
36282
36283
36284
36285
36286
36287
36288
36289
36290
36291
36292
36293
36294
36295
36296
36297
36298
36299
36310
36311
36312
36313
36314
36315
36316
36317
36318
36319
3586
3587
3588
3589
3590
3591
3592
3593
3594
3595
3597
3598
3599
3600
3601
3602
3603
3604
3605
3606
3607
3608
3609
3610
4716
4717
4718
4719
4720
4721
4722
4723
4724
4725
4726
4727
4728
4729
4732
4733
4734
4735
4736
4737
4738
4739
4740
4741
4742
4743
4744
4745
4746
4747
21154
21155
21172
21173
21174
21175
21176
21177
21178
21195
21196
21197
21198
21199
21200
21201
21202
21203
21204
21205
21206
21223
21224
21225
21226
21227
21228
21229
21231
21232
21233
21234
21235
21236
21237
21238
21255
21256
21257
21258
21259
21260
21261
21262
37826
37827
37828
37829
37836
37837
37838
37839
37840
37841
37842
37843
37844
37845
37846
37847
37854
37855
37856
37857
37858
37859
37860
37861
37862
37863
37864
37865
37866
37867
37868
37869
37870
37871
37878
37879
37880
37881
37882
37883
37884
37885
37886
37887
37889
37890
37891
37892
37893
37894
37895
37896
37897
37898
37899
37906
37907
37908
37909
37910
37911
37912
37913
37914
37915
37916
5936
5937
5938
5939
5940
5941
5942
5943
5944
5945
5946
5947
5948
5949
5950
5951
5952
5953
5954
5955
5956
5957
5958
5959
5960
5961
5963
5964
5965
5966
5967
5968
5969
5970
5971
5972
5973
5974
5975
5976
5977
5978
5979
5980
5981
5982
22857
22858
22875
22876
22877
22878
22879
22880
22881
22898
22899
22900
22901
22902
22903
22904
22905
22906
22907
22908
22909
22926
22927
22928
22929
22930
22931
22932
22934
22935
22936
22937
22938
22939
22940
22941
22958
22959
22960
22961
22962
22963
22964
22965
39418
39419
39420
39421
39422
39423
39424
39425
39426
39427
39428
39429
39430
39431
39432
39433
39434
39435
39436
39437
39438
39439
39440
39441
39442
39443
39444
39445
39446
39447
39448
39449
39450
39451
39452
39453
39454
39455
39456
39457
39458
39459
39460
39461
39462
39463
39464
39465
39466
39467
39468
39469
39470
39471
39472
39473
39474
39475
39477
39478
39479
39480
39481
39482
39483
39484
39485
39486
39487
39488
39489
39490
39491
39492
39493
39494
39495
39496
39497
39498
39499
39500
39501
39502
7250
7251
7252
7253
7254
7255
7256
7257
7258
7259
7260
7261
7262
7263
7264
7265
7266
7267
7268
7269
7270
7271
7272
7273
7274
7275
7276
7277
7278
7279
7280
7281
7282
7283
7285
7286
7287
7288
7289
7290
7291
7292
7293
7294
7295
7296
7297
7298
7299
7300
7301
7302
7303
7304
7305
7306
40930
40931
40932
40933
40934
40935
40936
40937
40938
40939
40940
40941
40942
40943
40944
40945
40946
40947
40948
24564
40949
24565
40950
24566
40951
40952
40953
40954
40955
40956
40957
40958
40959
40960
40961
40962
40963
40964
40965
40966
40967
24583
40968
24584
40969
24585
40970
24586
40971
24587
40972
24588
40973
24589
40974
24590
40975
40976
40977
40978
40979
40980
40981
40983
40984
40985
40986
40987
40988
40989
40990
40991
24607
40992
24608
40993
24609
40994
24610
40995
24611
40996
24612
40997
24613
40998
24614
40999
24615
41000
24616
41001
24617
41002
24618
41003
41004
41005
41006
41007
41008
24635
24636
24637
24638
24639
24640
24641
24643
24644
24645
24646
24647
24648
24649
24650
24667
24668
24669
24670
24671
24672
24673
24674
8582
8583
8584
8585
8586
8587
8588
8589
8590
8591
8592
8593
8594
8595
8596
8597
8598
8599
8600
8601
8602
8603
8604
8605
8606
8607
8608
8609
8610
8611
8612
8613
8614
8615
8616
8617
8618
8619
8620
8621
8623
8624
8625
8626
8627
8628
8629
8630
8631
8632
8633
8634
8635
8636
8637
8638
8639
8640
8641
8642
8643
8644
8645
8646
42430
42431
42432
42433
42434
42435
42436
42437
42438
42439
42440
42441
42442
42443
42444
42445
42446
42447
42448
42449
42450
42451
42452
42453
42454
42455
42456
42457
42458
42459
42460
42461
42462
42463
42464
42465
42466
42467
42468
42469
42471
42472
42473
42474
42475
42476
42477
42478
42479
42480
42481
42482
42483
42484
42485
42486
42487
42488
42489
42490
42491
42492
42493
42494
26272
26273
26274
26291
26292
26293
26294
26295
26296
26297
26298
26315
26316
26317
26318
26319
26320
26321
26322
26323
26324
26325
26326
26343
26344
26345
26346
26347
26348
26349
26351
26352
26353
26354
26355
26356
26357
26358
26375
26376
26377
26378
26379
26380
26381
26382
9998
9999
10000
10001
10002
10003
10004
10005
10006
10007
10008
10009
10010
10011
10012
10013
10014
10015
10016
10017
10018
10019
10020
10021
10022
10023
10024
10025
10026
10027
10028
10029
10030
10031
10032
10033
10034
10035
10036
10037
10038
10039
10040
10041
10042
10043
10044
10045
10046
10047
10048
10049
10051
10052
10053
10054
10055
10056
10057
10058
10059
10060
10061
10062
10063
10064
10065
10066
10067
10068
10069
10070
10071
10072
10073
10074
10075
10076
43840
43841
43842
43843
43844
43845
43846
43847
43848
43849
43850
43851
43852
43853
43854
43855
43856
43857
43858
43859
43860
43861
43862
43863
43864
43865
43866
43867
43868
43869
43870
43871
43872
43873
43875
43876
43877
43878
43879
43880
43881
43882
43883
43884
43885
43886
43887
43888
43889
43890
43891
43892
43893
43894
43895
43896
11498
11499
11500
11501
11502
27887
11503
27888
11504
11505
11506
11507
11508
11509
11510
11511
11512
11513
11514
11515
11516
11517
11518
11519
11520
27905
11521
27906
11522
27907
11523
27908
11524
27909
11525
27910
11526
27911
11527
11528
11529
11530
11531
11532
11533
11534
11535
11536
11537
11538
11539
11540
11541
11542
11543
27928
11544
27929
11545
27930
11546
27931
11547
27932
11548
27933
11549
27934
11550
27935
11551
27936
11552
27937
11553
27938
11554
27939
11555
11557
11558
11559
11560
11561
11562
11563
11564
11565
11566
11567
11568
11569
11570
11571
27956
11572
27957
11573
27958
11574
27959
11575
27960
11576
27961
11577
27962
11578
11579
27964
11580
27965
11581
27966
11582
27967
27968
27969
27970
27971
27988
27989
27990
27991
27992
27993
27994
27995
45172
45173
45174
45175
45176
45177
45178
45179
45180
45181
45182
45183
45184
45185
45186
45187
45188
45189
45190
45191
45192
45193
45194
45195
45196
45197
45199
45200
45201
45202
45203
45204
45205
45206
45207
45208
45209
45210
45211
45212
45213
45214
45215
45216
45217
45218
13010
13011
13012
13013
13020
13021
13022
13023
13024
13025
13026
13027
13028
13029
13030
13031
13038
13039
13040
13041
13042
13043
13044
13045
13046
13047
13048
13049
13050
13051
13052
13053
13054
13055
13062
13063
13064
13065
13066
13067
13068
13069
13070
13071
13073
13074
13075
13076
13077
13078
13079
13080
13081
13082
13083
13090
13091
13092
13093
13094
13095
13096
13097
13098
13099
13100
29593
29594
29611
29612
29613
29614
29615
29616
29617
29634
29635
29636
29637
29638
29639
29640
29641
29642
29643
29644
29645
29662
29663
29664
29665
29666
29667
29668
29670
29671
29672
29673
29674
29675
29676
29677
29694
29695
29696
29697
29698
29699
29700
29701
46486
46487
46488
46489
46490
46491
46492
46493
46494
46495
46496
46497
46498
46499
46502
46503
46504
46505
46506
46507
46508
46509
46510
46511
46512
46513
46514
46515
46516
46517
14602
14603
14604
14615
14616
14617
14618
14619
14620
14621
14622
14623
14624
14635
14636
14637
14638
14639
14640
14641
14642
14643
14644
14645
14646
14647
14648
14649
14650
14661
14662
14663
14664
14665
14666
14667
14668
14669
14670
14671
14672
14673
14674
14675
14676
14677
14678
14679
14690
14691
14692
14693
14694
14695
14696
14697
14698
14699
31298
31299
31300
31315
31316
31317
31318
31319
31320
31321
47706
31322
47707
31323
47708
47709
47710
47711
47712
47713
47714
47715
47717
47718
47719
47720
47721
47722
31338
47723
31339
47724
31340
47725
31341
47726
31342
47727
31343
47728
31344
47729
31345
47730
31346
31347
31348
31349
31350
31351
31366
31367
31368
31369
31370
31371
31372
31373
31374
31375
31376
31377
31378
31379
31380
31381
31382
31397
31398
31399
31400
31401
31402
31403
31404
31405
48838
48839
48840
48841
48842
48843
48844
48845
16212
16213
16214
16227
16228
16229
16230
16231
16232
16233
16234
16235
16248
16249
16250
16251
16252
16253
16254
16255
16256
16257
16258
16259
16260
16261
16274
16275
16276
16277
16278
16279
16280
16281
16283
16284
16285
16286
16287
16288
16289
16290
16291
16304
16305
16306
16307
16308
16309
16310
16311
16312
)


// ************************************************************************* //
