(-180.0 1.92367069372179e-16 2.3558171576799585e-32)
(-179.63963963963963 0.009928266097748774 6.24444026339077e-05)
(-179.2792792792793 0.019954013686538853 0.0002510137712011375)
(-178.91891891891893 0.03007711066708567 0.0005675750443009921)
(-178.55855855855856 0.040297414517376146 0.0010140122280704982)
(-178.1981981981982 0.05061477208928956 0.0015922265686207579)
(-177.83783783783787 0.06102901940009919 0.0023041367252306013)
(-177.47747747747744 0.07153998141872721 0.0031516789442215076)
(-177.11711711711712 0.08214747184661671 0.004136807233432559)
(-176.75675675675674 0.09285129289309778 0.00526149353721058)
(-176.39639639639637 0.10365123504509542 0.006527727911823283)
(-176.03603603603605 0.11454707683105002 0.007937518701199946)
(-175.67567567567568 0.12553858457890263 0.009492892712897265)
(-175.3153153153153 0.1366255121679996 0.011195895394182575)
(-174.95495495495496 0.14780760077476618 0.013048591008120402)
(-174.59459459459458 0.15908457861199793 0.015053062809541934)
(-174.23423423423424 0.17045616066161196 0.017211413220770234)
(-173.8738738738739 0.18192204840070061 0.019525764006967254)
(-173.51351351351352 0.19348192952072452 0.02199825645096117)
(-173.15315315315314 0.20513547763967901 0.02463105152740513)
(-172.79279279279277 0.2168823520070663 0.027426330076110946)
(-172.43243243243242 0.2287221972014955 0.030386292974391202)
(-172.07207207207207 0.2405464282074758 0.03351316130823952)
(-171.7117117117117 0.2526793031641095 0.036809176542162016)
(-171.35135135135133 0.26479577690680706 0.04027660068747149)
(-170.990990990991 0.2770036467663454 0.04391771646884133)
(-170.63063063063063 0.2893024791605699 0.047734827488907734)
(-170.27027027027026 0.30169182385725163 0.05173025839069835)
(-169.90990990990994 0.3141712136150051 0.055906355017653835)
(-169.54954954954957 0.32674016381533405 0.060265484570998305)
(-169.1891891891892 0.33939817208560596 0.06481003576420231)
(-168.82882882882885 0.3521447179127463 0.06954241897426956)
(-168.46846846846847 0.36497926224744237 0.0744650663895662)
(-168.10810810810813 0.37790124709864586 0.0795804321538985)
(-167.74774774774775 0.3909100951181508 0.08489099250652764)
(-167.38738738738738 0.4040052091750389 0.09039924591780514)
(-167.02702702702703 0.41718597191975504 0.09610771322008263)
(-166.66666666666666 0.4304517453375944 0.10201893773354924)
(-166.3063063063063 0.4438018702913706 0.10813548538662389)
(-165.94594594594597 0.4572356660530305 0.11445994483051747)
(-165.5855855855856 0.47075242982398113 0.1209949275475607)
(-165.22522522522522 0.4843514362438886 0.12774306795287602)
(-164.8648648648649 0.4980319368877098 0.13470702348895378)
(-164.50450450450452 0.5117931597507108 0.14188947471267166)
(-164.14414414414412 0.5256343087212274 0.14929312537427905)
(-163.7837837837838 0.5395545630409119 0.15692070248784076)
(-163.4234234234234 0.5535530767522363 0.16477495639262973)
(-163.06306306306303 0.5676289781329591 0.17285866080490173)
(-162.7027027027027 0.5817813691173495 0.1811746128595094)
(-162.34234234234233 0.5960093247038711 0.18972563314074284)
(-161.981981981982 0.6103118923490924 0.19851456570178908)
(-161.62162162162164 0.6246880913475532 0.20754427807216425)
(-161.26126126126127 0.6391369121973324 0.2168176612524485)
(-160.9009009009009 0.653657315951055 0.22633762969562557)
(-160.54054054054055 0.6682482335520776 0.2361071212742993)
(-160.18018018018017 0.6829085651555922 0.24612909723303192)
(-159.81981981981983 0.6976371794343904 0.25640654212501646)
(-159.45945945945945 0.7124329128690277 0.26694246373226344)
(-159.0990990990991 0.7272945690221227 0.2777398929684467)
(-158.73873873873873 0.7422209177965647 0.2888018837635388)
(-158.37837837837836 0.7572106946773236 0.3001315129292816)
(-158.018018018018 0.7722625999566732 0.3117318800045774)
(-157.65765765765764 0.7873752979425348 0.32360610707977006)
(-157.2972972972973 0.80254741614972 0.33575733859880424)
(-156.93693693693695 0.8177775444738298 0.3481887411381815)
(-156.57657657657657 0.8330642343475784 0.3609035031616022)
(-156.21621621621622 0.8484059978793149 0.3739048347491372)
(-155.85585585585588 0.8638013069735246 0.38719596729972994)
(-155.4954954954955 0.8792485924330973 0.4007801532057834)
(-155.13513513513516 0.8947462430431633 0.4146606654985452)
(-154.77477477477476 0.9102926046363008 0.4288407974629506)
(-154.41441441441444 0.9258859791389314 0.4433238622205333)
(-154.05405405405406 0.9415246235987518 0.45811319227898795)
(-153.6936936936937 0.957206749193003 0.4732121390468575)
(-153.33333333333334 0.972930520217491 0.48862407231185334)
(-152.97297297297297 0.988694053056181 0.5043523796811744)
(-152.61261261261262 1.0044954151312842 0.5204004659821974)
(-152.25225225225225 1.0203326238337358 0.536771752621825)
(-151.89189189189187 1.036203645433991 0.5534696769027255)
(-151.53153153153153 1.0521063939730908 0.5704976912946457)
(-151.17117117117118 1.0680387301339715 0.5878592626589073)
(-150.8108108108108 1.0839984600930055 0.6055578714241425)
(-150.45045045045046 1.099983334351811 0.6235970107112582)
(-150.09009009009006 1.1159910465493734 0.6419801854055559)
(-149.72972972972974 1.132019232254557 0.660710911173858)
(-149.36936936936937 1.1480654677391506 0.6797927134244637)
(-149.009009009009 1.164127268731548 0.6992291262076012)
(-148.64864864864865 1.1802020891513119 0.7190236910541069)
(-148.2882882882883 1.1962873198247994 0.7391799557498525)
(-147.92792792792793 1.212380287182155 0.7597014730434761)
(-147.56756756756758 1.2284782519359665 0.7805917992848449)
(-147.20720720720723 1.2445784077419675 0.8018544929916246)
(-146.84684684684686 1.2606778798421847 0.823493113341254)
(-146.48648648648648 1.2767737236910204 0.8455112185855547)
(-146.12612612612614 1.2928629235647864 0.8679123643851228)
(-145.76576576576576 1.3089423911552809 0.8907001020605827)
(-145.40540540540542 1.3250089641480787 0.9138779767577159)
(-145.04504504504507 1.3410594047862294 0.9374495255233737)
(-144.68468468468467 1.3570903984202047 0.9614182752890791)
(-144.32432432432432 1.37309855204491 0.9857877407590319)
(-143.96396396396395 1.3890803928247726 1.0105614221993124)
(-143.6036036036036 1.4050323666079059 1.035742803124864)
(-143.24324324324323 1.4209508364304921 1.0613353478808636)
(-142.88288288288288 1.4368320810126058 1.0873424991149765)
(-142.52252252252254 1.4526722932468008 1.1137676751369405)
(-142.16216216216216 1.4684675786808812 1.1406142671618527)
(-141.80180180180182 1.484213953996399 1.1678856364334917)
(-141.44144144144147 1.4999073454845202 1.1955851112239162)
(-141.0810810810811 1.5155435875210361 1.223715983705568)
(-140.72072072072072 1.5311184210424118 1.2522815066920272)
(-140.36036036036037 1.5466274920248932 1.281284890243522)
(-140.0 1.5620663499688605 1.3107292981333114)
(-139.63963963963965 1.577430446390692 1.3406178441709002)
(-139.27927927927928 1.5927151333246483 1.3709535883781874)
(-138.91891891891893 1.607915661837349 1.4017395330144637)
(-138.55855855855856 1.6230271805576404 1.432978618446277)
(-138.19819819819818 1.6380447342247948 1.464673718858114)
(-137.83783783783784 1.6529632622581567 1.496827637799877)
(-137.4774774774775 1.6677775973515525 1.5294431035671456)
(-137.11711711711712 1.6824824640959437 1.5625227644102198)
(-136.75675675675674 1.6970724776340211 1.5960691835680028)
(-136.3963963963964 1.71154214235063 1.630084834122794)
(-136.03603603603602 1.7258858506031394 1.6645720936721886)
(-135.6756756756757 1.7400978814960457 1.6995332388142237)
(-135.3153153153153 1.7541723997044028 1.7349704394422167)
(-134.95495495495496 1.768103454350791 1.7708857528455613)
(-134.59459459459458 1.7818849779408996 1.8072811176131944)
(-134.23423423423424 1.795510785362926 1.8441583473362915)
(-133.8738738738739 1.8089745729563207 1.8815191241071207)
(-133.51351351351352 1.8222699176556367 1.9193649918110784)
(-133.15315315315317 1.8353902762154912 1.95769734920914)
(-132.7927927927928 1.8483289845229423 1.996517442808228)
(-132.43243243243245 1.8610792570038284 2.0358263595172192)
(-132.07207207207207 1.8736341861299102 2.075625019086621)
(-131.71171171171173 1.8859867420339276 2.115914166330229)
(-131.35135135135135 1.8981297722399826 2.156694363127513)
(-130.990990990991 1.9100560015169 2.197965980205648)
(-130.63063063063063 1.9217580318625898 2.2397291887008346)
(-130.27027027027026 1.9332283426276151 2.2819839514986056)
(-129.9099099099099 1.9444592907865696 2.3247300143536807)
(-129.54954954954954 1.9554431113660677 2.3679668967901444)
(-129.1891891891892 1.9661719180384862 2.4116938827834375)
(-128.82882882882882 1.976637703890879 2.455910011226231)
(-128.46846846846847 1.9868323423787289 2.5006140661808245)
(-128.10810810810813 1.9967475884745207 2.545804566921473)
(-127.74774774774775 2.0063750800213573 2.5914797577707382)
(-127.38738738738738 2.015706339302092 2.6376375977347064)
(-127.02702702702705 2.024732774834724 2.6842757499428074)
(-126.66666666666666 2.0334456834050116 2.731391570898804)
(-126.30630630630631 2.0418362523474776 2.77898209955039)
(-125.94594594594594 2.0498955620862023 2.827044046185958)
(-125.58558558558559 2.0576145889469597 2.875573781167952)
(-125.22522522522523 2.064984208252413 2.9245673235134166)
(-124.86486486486486 2.0719951977122437 2.974020329333466)
(-124.50450450450451 2.07863824112016 3.0239280801445356)
(-124.14414414414416 2.084903932369845 3.074285471065592)
(-123.78378378378379 2.0907827798019194 3.1250869989167023)
(-123.42342342342343 2.0962652108940216 3.1763267502357797)
(-123.06306306306308 2.101341577306068 3.2279983892316584)
(-122.7027027027027 2.1060021602926824 3.2800951456931418)
(-122.34234234234236 2.1102371764946612 3.332609802875142)
(-121.98198198198197 2.114036784121182 3.3855346853846537)
(-121.62162162162164 2.1173910895342174 3.43886164709069)
(-121.26126126126125 2.1202901542463533 3.492582059084292)
(-120.9009009009009 2.122724002342853 3.546686797715948)
(-120.54054054054055 2.124682628338414 3.6011662327399354)
(-120.18018018018017 2.12615600547857 3.6560102155964374)
(-119.81981981981983 2.12713409449514 3.7112080678642707)
(-119.45945945945947 2.1276068528245293 3.7667485699188155)
(-119.0990990990991 2.1275642442969223 3.8226199498314215)
(-118.73873873873873 2.126996249303663 3.878809872548507)
(-118.3783783783784 2.125892875449217 3.935305429390225)
(-118.01801801801801 2.124244168693117 3.9920931279104983)
(-117.65765765765768 2.1220402249862786 4.049158882161779)
(-117.29729729729729 2.1192712024048275 4.106488003409921)
(-116.93693693693696 2.1159273337834006 4.16406519134585)
(-116.57657657657658 2.111998939848429 4.2218745258428125)
(-116.21621621621621 2.1074764428505066 4.27989945930904)
(-115.85585585585586 2.102350380693313 4.338122809687697)
(-115.4954954954955 2.096611421554906 4.396526754156878)
(-115.13513513513514 2.090250378995378 4.4550928235840725)
(-114.77477477477478 2.0832582275429745 4.513801897790484)
(-114.41441441441444 2.0756261187487715 4.572634201681709)
(-114.05405405405405 2.0673453976978564 4.631569302302106)
(-113.69369369369369 2.0584076199627863 4.690586106870899)
(-113.33333333333334 2.0488045689827192 4.74966286185861)
(-112.97297297297297 2.038528273849246 4.808777153162617)
(-112.61261261261262 2.0275710274774004 4.867905907440813)
(-112.25225225225226 2.0159254051377813 4.92702539466215)
(-111.8918918918919 2.003584283322984 4.986111231932368)
(-111.53153153153153 1.9905408589188742 5.045138388652556)
(-111.17117117117117 1.9767886686483618 5.104081193067195)
(-110.81081081081082 1.9623216087525546 5.1629133402569405)
(-110.45045045045045 1.9471339548712332 5.22160790162985)
(-110.0900900900901 1.9312203820817129 5.280137335962697)
(-109.72972972972974 1.914575985052208 5.338473502041645)
(-109.36936936936938 1.8971962982629453 5.396587672948917)
(-109.009009009009 1.8790773162453438 5.454450552038863)
(-108.64864864864866 1.8602155137867347 5.512032290643388)
(-108.2882882882883 1.8406078660453404 5.569302507542813)
(-107.92792792792794 1.8202518685174744 5.626230310233795)
(-107.56756756756758 1.7991455567963632 5.682784318021398)
(-107.2072072072072 1.7772875260594483 5.738932686957023)
(-106.84684684684684 1.7546769502187778 5.794643136638588)
(-106.48648648648648 1.7313136006668228 5.849882978883211)
(-106.12612612612614 1.7071978645481602 5.904619148276338)
(-105.76576576576576 1.6823307624856758 5.958818234594591)
(-105.40540540540542 1.6567139656884198 6.012446517092435)
(-105.04504504504506 1.630349812367007 6.065470000635261)
(-104.6846846846847 1.6032413233815 6.117854453653874)
(-104.32432432432432 1.5753922170460526 6.169565447887074)
(-103.96396396396396 1.5468069230142873 6.220568399870882)
(-103.60360360360362 1.517490595169445 6.270828614124275)
(-103.24324324324324 1.4874491234437368 6.320311327972545)
(-102.8828828828829 1.4566891444921801 6.368981757940587)
(-102.52252252252252 1.4252180511474144 6.416805147639266)
(-102.16216216216218 1.3930440005836742 6.4637468170591195)
(-101.8018018018018 1.360175921120165 6.5097722131765146)
(-101.44144144144146 1.3266235175966934 6.554846961768492)
(-101.0810810810811 1.2923972752573385 6.598936920323505)
(-100.72072072072072 1.257508462081479 6.6420082319268765)
(-100.36036036036036 1.2219691295053734 6.684027379991122)
(-100.0 1.1857921114818952 6.72496124369337)
(-99.63963963963964 1.1489910218308164 6.764777153974361)
(-99.27927927927928 1.1115802498373375 6.803442949946195)
(-98.91891891891893 1.0735749540622102 6.840927035549385)
(-98.55855855855856 1.0349910543328873 6.877198436293521)
(-98.19819819819821 0.9958452218916065 6.9122268559104)
(-97.83783783783784 0.9561548676831058 6.945982732743699)
(-97.47747747747748 0.9159381287718169 6.978437295695199)
(-97.11711711711712 0.8752138528857517 7.009562619544439)
(-96.75675675675676 0.8340015810920061 7.039331679456271)
(-96.39639639639641 0.7923215286166023 7.067718404489483)
(-96.03603603603604 0.7501945638294286 7.0946977299190825)
(-95.67567567567568 0.7076421854231333 7.120245648185471)
(-95.31531531531532 0.6646864978230151 7.144339258285273)
(-94.95495495495497 0.6213501848730766 7.166956813421097)
(-94.5945945945946 0.5776564818515835 7.188077766731222)
(-94.23423423423425 0.53362914587742 7.207682814924819)
(-93.87387387387389 0.4892924247764018 7.225753939654065)
(-93.51351351351352 0.4446710244843061 7.242274446461153)
(-93.15315315315316 0.39979007507073594 7.2572290011460145)
(-92.7927927927928 0.35467509547489723 7.270603663409274)
(-92.43243243243244 0.309351957051042 7.282385917634407)
(-92.07207207207207 0.26384684602744785 7.292564700683777)
(-91.71171171171173 0.21818622498853246 7.301130426594333)
(-91.35135135135135 0.1723967934948422 7.308075008070938)
(-90.99099099099098 0.1265054479602416 7.313391874687874)
(-90.63063063063063 0.0805392409096145 7.317075987722533)
(-90.27027027027027 0.03452533974368387 7.319123851558986)
(-89.90990990990991 -0.011509014859723977 7.319533521613468)
(-89.54954954954955 -0.057536550776733426 7.31830460874827)
(-89.18918918918921 -0.10353000636825942 7.3154382801555045)
(-88.82882882882883 -0.14946217237757117 7.310937256706838)
(-88.46846846846846 -0.19530593366168664 7.304805806780562)
(-88.10810810810811 -0.2410343106246391 7.297049736591953)
(-87.74774774774777 -0.2866205002222208 7.287676377067775)
(-87.38738738738739 -0.3320379164101772 7.27669456731999)
(-87.02702702702703 -0.37726022991079566 7.264114634787987)
(-86.66666666666669 -0.4222614071764987 7.249948372132132)
(-86.30630630630631 -0.4670157484333302 7.234209010974325)
(-85.94594594594595 -0.5114979246920942 7.216911192593913)
(-85.58558558558559 -0.5556830136203664 7.198070935698813)
(-85.22522522522524 -0.5995465341744752 7.177705601402524)
(-84.86486486486487 -0.643064479897018 7.155833855548029)
(-84.50450450450452 -0.68621335079225 7.132475628528435)
(-84.14414414414415 -0.7289701836988781 7.107652072762638)
(-83.78378378378378 -0.7713125810872556 7.08138551799138)
(-83.42342342342343 -0.8132187382157542 7.053699424565428)
(-83.06306306306307 -0.854667468588939 7.0246183349026445)
(-82.70270270270271 -0.8956382276683235 6.994167823294971)
(-82.34234234234235 -0.9361111347945654 6.962374444249396)
(-81.981981981982 -0.9760669932881779 6.929265679549133)
(-81.62162162162163 -1.015487308703947 6.894869884222085)
(-81.26126126126127 -1.0543543052223296 6.859216231603969)
(-80.90090090090091 -1.0926509401690485 6.822334657682303)
(-80.54054054054055 -1.130360916661819 6.78425580490574)
(-80.18018018018019 -1.1674686943907275 6.745010965640416)
(-79.81981981981983 -1.2039594985460196 6.704632025451322)
(-79.45945945945947 -1.23981932691404 6.663151406382414)
(-79.0990990990991 -1.2750349551686933 6.6206020104038386)
(-78.73873873873875 -1.3095939403920953 6.577017163189034)
(-78.37837837837839 -1.3434846228639352 6.532430558377907)
(-78.01801801801803 -1.3766961261645518 6.486876202475179)
(-77.65765765765767 -1.4092183556418028 6.440388360525822)
(-77.29729729729729 -1.4410419952963522 6.393001502701212)
(-76.93693693693695 -1.472158503144209 6.344750251921754)
(-76.57657657657658 -1.5025601051190045 6.295669332632815)
(-76.21621621621622 -1.5322397875797433 6.245793520842382)
(-75.85585585585586 -1.5611912884925585 6.195157595519751)
(-75.4954954954955 -1.589409087357288 6.143796291445521)
(-75.13513513513514 -1.6168883939516039 6.091744253594239)
(-74.77477477477477 -1.6436251359668697 6.039035993121957)
(-74.41441441441441 -1.669615945610885 5.985705845021942)
(-74.05405405405406 -1.6948581452533744 5.931787927503029)
(-73.6936936936937 -1.719349732190229 5.877316103136448)
(-73.33333333333334 -1.7430893626024337 5.822323941808386)
(-72.97297297297298 -1.7660763347851085 5.766844685507465)
(-72.61261261261262 -1.7883105717212908 5.710911214968307)
(-72.25225225225226 -1.8097926030739664 5.654556018184742)
(-71.8918918918919 -1.830523546668511 5.597811160798986)
(-71.53153153153154 -1.8505050895360067 5.540708258366129)
(-71.17117117117118 -1.8697394685860762 5.4832784504867425)
(-70.81081081081082 -1.8882294509757762 5.425552376794259)
(-70.45045045045045 -1.9059783142388567 5.367560154778046)
(-70.09009009009009 -1.9229898262372527 5.309331359417702)
(-69.72972972972974 -1.9392682249941497 5.250895004599143)
(-69.36936936936938 -1.9548181984652926 5.192279526278614)
(-69.00900900900902 -1.9696448643024513 5.1335127673565495)
(-68.64864864864866 -1.9837537496601543 5.074621964219531)
(-68.2882882882883 -1.9971507710939114 5.0156337349053075)
(-67.92792792792794 -2.0098422145952393 4.956574068842817)
(-67.56756756756756 -2.021834715805916 4.897468318116801)
(-67.2072072072072 -2.033135240450943 4.838341190204198)
(-66.84684684684686 -2.043751065026803 4.779216742127838)
(-66.4864864864865 -2.0536897577787485 4.720118375971452)
(-66.12612612612614 -2.062959159998008 4.661068835698795)
(-65.76576576576576 -2.0715673676670443 4.60209020521886)
(-65.40540540540542 -2.0795227134782848 4.543203907638651)
(-65.04504504504506 -2.0868337492491102 4.484430705644524)
(-64.6846846846847 -2.0935092287533377 4.4257907029532895)
(-64.32432432432432 -2.0995580909869824 4.367303346774263)
(-63.96396396396398 -2.1049894438836807 4.308987431223947)
(-63.60360360360362 -2.1098125484929278 4.2508611016356666)
(-63.243243243243256 -2.114036803632075 4.19294185970716)
(-62.8828828828829 -2.117671731020994 4.135246569430211)
(-62.52252252252254 -2.1207269609063317 4.077791463747396)
(-62.16216216216216 -2.1232122181804467 4.020592151882304)
(-61.8018018018018 -2.125137308998372 3.963663627290952)
(-61.44144144144144 -2.1265121078945044 3.907020276183475)
(-61.08108108108109 -2.1273465453991935 3.8506758865668327)
(-60.72072072072073 -2.127650596153991 3.7946436577607487)
(-60.36036036036037 -2.1274342675229976 3.738936210340851)
(-60.00000000000001 -2.1267075886965188 3.6835655964646663)
(-59.639639639639654 -2.1254806002821356 3.6285433105378178)
(-59.279279279279294 -2.1237633443772728 3.5738803001796677)
(-58.91891891891893 -2.1215658551164163 3.5195869774493027)
(-58.55855855855858 -2.1188981496852897 3.465673230294633)
(-58.19819819819822 -2.1157702197935713 3.4121484341891763)
(-57.83783783783785 -2.112192023597022 3.359021463922824)
(-57.47747747747748 -2.108173478059356 3.3063007055147198)
(-57.11711711711712 -2.10372445174363 3.2539940682181117)
(-56.75675675675675 -2.098854758022503 3.202108996588699)
(-56.396396396396405 -2.0935741486963493 3.1506524825898294)
(-56.03603603603604 -2.087892308007866 3.0996310777093736)
(-55.67567567567568 -2.0818188470416 3.0490509050648598)
(-55.315315315315324 -2.0753632984965997 2.9989176714749703)
(-54.954954954954964 -2.0685351118202444 2.949236679476986)
(-54.594594594594604 -2.0613436486912367 2.9000128392713136)
(-54.23423423423425 -2.053798178839659 2.8512506805756126)
(-53.87387387387389 -2.045907876192003 2.8029543643724066)
(-53.51351351351353 -2.0376818153291056 2.7551276945354144)
(-53.15315315315315 -2.0291289682449682 2.707774129321073)
(-52.79279279279279 -2.0202582013945762 2.6608967927129905)
(-52.43243243243243 -2.0110782730188825 2.6144984856081246)
(-52.072072072072075 -2.0015978307353453 2.5685816968347313)
(-51.711711711711715 -1.9918254093825278 2.523148613993058)
(-51.351351351351354 -1.9817694291074825 2.478201134110832)
(-50.990990990991 -1.9714381936848375 2.4337408741064923)
(-50.63063063063064 -1.9608398890567529 2.389769181054074)
(-50.27027027027028 -1.9499825820831191 2.3462871422444245)
(-49.90990990990993 -1.9388742194916582 2.303295595038311)
(-49.54954954954957 -1.927522627017815 2.260795136507654)
(-49.18918918918921 -1.9159355087246288 2.2187861328619025)
(-48.82882882882885 -1.904120446493019 2.1772687286571464)
(-48.468468468468465 -1.8920848996732287 2.1362428557862674)
(-48.108108108108105 -1.8798362048884425 2.0957082422489317)
(-47.74774774774775 -1.8673815759818613 2.055664420700778)
(-47.38738738738739 -1.8547281040988663 2.0161107367817213)
(-47.02702702702703 -1.8418827578961203 1.9770463572236356)
(-46.66666666666668 -1.8288523838697903 1.9384702777381992)
(-46.30630630630632 -1.8156437067953575 1.900381330686036)
(-45.94594594594596 -1.802263330271747 1.862778192528644)
(-45.585585585585605 -1.7887177373628074 1.8256593910649468)
(-45.225225225225245 -1.7750132913294427 1.7890233124545771)
(-44.86486486486488 -1.7611562364459785 1.7528682080303115)
(-44.50450450450452 -1.747152698894599 1.717192200902264)
(-44.144144144144164 -1.733008687731979 1.6819932923567282)
(-43.783783783783775 -1.7187300959224643 1.647269368052692)
(-43.42342342342343 -1.7043227014324425 1.613018204019293)
(-43.06306306306306 -1.689792168380748 1.579237472457547)
(-42.7027027027027 -1.6751440482402309 1.5459247473499103)
(-42.34234234234234 -1.6603837810858233 1.5130775098812874)
(-41.98198198198199 -1.645516696884669 1.4806931536752101)
(-41.62162162162163 -1.6305480168241138 1.4487689898490144)
(-41.26126126126127 -1.615482854673555 1.417302251891885)
(-40.900900900900915 -1.6003262181763571 1.3862901003697032)
(-40.540540540540555 -1.585083010468252 1.355729627460683)
(-40.1801801801802 -1.5697580315188135 1.325617861325781)
(-39.819819819819834 -1.554355979592807 1.2959517703179293)
(-39.45945945945948 -1.538881452728372 1.2667282670340883)
(-39.0990990990991 -1.5233389502291783 1.23794421221418)
(-38.73873873873874 -1.507732874167873 1.2095964184909087)
(-38.37837837837838 -1.4920675308982623 1.1816816539944501)
(-38.018018018018026 -1.476347132573867 1.1541966458160302)
(-37.657657657657666 -1.4605757986706034 1.1271380833342917)
(-37.297297297297305 -1.4447575575115 1.1005026214083873)
(-36.936936936936945 -1.4288963477914853 1.0742868834416488)
(-36.576576576576585 -1.4129960201004241 1.0484874643196604)
(-36.21621621621623 -1.3970603384426759 1.023100933226484)
(-35.85585585585587 -1.3810929817516067 0.9981238363427737)
(-35.49549549549551 -1.3650975453975511 0.9735526994294027)
(-35.13513513513516 -1.349077542687872 0.9493840303002147)
(-34.7747747747748 -1.3330364063578282 0.9256143211874072)
(-34.414414414414416 -1.3169774900510893 0.902240051003022)
(-34.054054054054056 -1.3009040697888112 0.8792576874999277)
(-33.693693693693696 -1.2848193454262629 0.8566636893355992)
(-33.333333333333336 -1.2687264420961146 0.8344545080419721)
(-32.97297297297298 -1.2526284116375364 0.8126265899045301)
(-32.61261261261262 -1.236528234010352 0.7911763777537383)
(-32.25225225225226 -1.2204288186935595 0.7701003126718452)
(-31.891891891891905 -1.2043330060675936 0.7493948356180266)
(-31.531531531531545 -1.188243568779774 0.7290563889747389)
(-31.17117117117119 -1.1721632130924358 0.709081418018107)
(-30.810810810810832 -1.1560945802132974 0.6894663723150729)
(-30.450450450450468 -1.1400402476076816 0.6702077070499785)
(-30.09009009009011 -1.1240027302922402 0.6513018842831652)
(-29.72972972972973 -1.1079844821098912 0.6327453741441209)
(-29.369369369369373 -1.091987896985728 0.6145346559616183)
(-29.009009009009013 -1.0760153101636671 0.5966662193332117)
(-28.648648648648656 -1.0600689994236945 0.579136565136427)
(-28.288288288288292 -1.0441511862795594 0.5619422064838618)
(-27.927927927927936 -1.0282640371568157 0.5450796696243809)
(-27.56756756756758 -1.012409664551153 0.5285454947925108)
(-27.20720720720722 -0.9965901281669718 0.5123362370080766)
(-26.846846846846862 -0.9808074360361941 0.49644846682805865)
(-26.486486486486505 -0.9650635456173279 0.48087877105258353)
(-26.126126126126145 -0.949360364874822 0.4656237533869066)
(-25.76576576576579 -0.9336997533387744 0.4506800350611754)
(-25.405405405405403 -0.9180835231450751 0.43604425540971353)
(-25.045045045045043 -0.9025134400560915 0.42171307241150446)
(-24.684684684684687 -0.8869912244619997 0.407683163193485)
(-24.32432432432433 -0.8715185523629159 0.3939512244982332)
(-23.96396396396397 -0.8560970563319656 0.3805139731175507)
(-23.603603603603613 -0.8407283264594593 0.36736814629340864)
(-23.243243243243256 -0.8254139112783446 0.35451050208766266)
(-22.882882882882893 -0.8101553186711332 0.3419378197219036)
(-22.522522522522536 -0.7949540167584864 0.32964689988875384)
(-22.16216216216218 -0.7798114347696805 0.3176345650358784)
(-21.80180180180182 -0.764728963895153 0.3058976596239306)
(-21.441441441441462 -0.7497079581213644 0.29443305035961165)
(-21.081081081081102 -0.7347497350481981 0.28323762640497613)
(-20.720720720720717 -0.7198555766891327 0.27230829956407826)
(-20.36036036036036 -0.7050267302544374 0.2616420044480149)
(-20.000000000000004 -0.6902644089176149 0.25123569861936595)
(-19.639639639639643 -0.6755697925653636 0.24108636271702705)
(-19.279279279279287 -0.6609440285312969 0.231191000562357)
(-18.918918918918926 -0.6463882323136738 0.22154663924755125)
(-18.55855855855857 -0.6319034882774052 0.21215032920710866)
(-18.198198198198213 -0.6174908503405874 0.20299914427322596)
(-17.837837837837853 -0.6031513426458239 0.19409018171592315)
(-17.477477477477496 -0.5888859602165973 0.18542056226867357)
(-17.117117117117136 -0.5746956695989496 0.17698743014027699)
(-16.756756756756776 -0.5605814094887313 0.16878795301369098)
(-16.39639639639642 -0.5465440913446824 0.16081932203250313)
(-16.036036036036037 -0.5325845999875999 0.1530787517757005)
(-15.675675675675677 -0.5187037941858577 0.14556348022137058)
(-15.315315315315319 -0.5049025072275225 0.13827076869993038)
(-14.954954954954962 -0.491181547479339 0.13119790183747432)
(-14.594594594594602 -0.4775416989328259 0.12434218748979055)
(-14.234234234234243 -0.4639837217377388 0.1177009566675817)
(-13.873873873873885 -0.4505083527231497 0.11127156345340213)
(-13.513513513513526 -0.43711630590639255 0.10505138491080132)
(-13.15315315315317 -0.4238082729901162 0.09903782098614355)
(-12.79279279279281 -0.41058492384769235 0.09322829440355422)
(-12.432432432432451 -0.39744690699721474 0.08762025055342314)
(-12.072072072072094 -0.38439485006432855 0.08221115737487822)
(-11.711711711711736 -0.37142936023412393 0.07699850523262323)
(-11.351351351351353 -0.35855102469232447 0.07197980678851847)
(-10.990990990990992 -0.34576041105600275 0.0671525968682665)
(-10.630630630630634 -0.3330580677940365 0.06251443232354423)
(-10.270270270270276 -0.3204445246375435 0.058062891889917964)
(-9.909909909909919 -0.3079202929805011 0.05379557604085205)
(-9.54954954954956 -0.2954858662707701 0.04971010683811496)
(-9.1891891891892 -0.2831417203917351 0.04580412777887005)
(-8.828828828828843 -0.27088831403476815 0.04207530363972604)
(-8.468468468468485 -0.25872608906272215 0.03852132031800972)
(-8.108108108108127 -0.24665547086465436 0.03513988467051108)
(-7.747747747747767 -0.2346768687019788 0.031928724349939354)
(-7.38738738738741 -0.22279067604624178 0.028885587639317895)
(-7.027027027027026 -0.21099727090871143 0.02600824328453427)
(-6.666666666666668 -0.19929701616197293 0.023294480325253254)
(-6.306306306306309 -0.18769025985370247 0.020742107924386636)
(-5.94594594594595 -0.17617733551281672 0.01834895519631079)
(-5.5855855855855925 -0.16475856244816295 0.016112871034007083)
(-5.225225225225235 -0.1534342460399284 0.01403172393529567)
(-4.864864864864876 -0.14220467802394005 0.012103401828323328)
(-4.504504504504517 -0.1310701367690208 0.010325811896458177)
(-4.1441441441441595 -0.12003088754756656 0.008696880402736341)
(-3.7837837837838006 -0.10908718279950544 0.007214552513998289)
(-3.4234234234234426 -0.09823926238979591 0.005876792124845361)
(-3.063063063063084 -0.08748735385961887 0.0046815816815402355)
(-2.7027027027027257 -0.07683167267141404 0.0036269220059685346)
(-2.342342342342342 -0.06627242244790878 0.0027108321197723997)
(-1.9819819819819837 -0.055809795205287886 0.0019313490687613685)
(-1.6216216216216253 -0.045443971580635595 0.0012865277476986963)
(-1.261261261261267 -0.035175121053803236 0.0007744407255580904)
(-0.9009009009009086 -0.025003402163827283 0.0003931780713382043)
(-0.5405405405405502 -0.014928962720035303 0.00014084718051857816)
(-0.18018018018019188 -0.004951940007968773 1.5572602235413258e-05)
(0.18018018018016646 0.004927539009749679 1.5495867250980424e-05)
(0.5405405405405248 0.014709357497480464 0.00013877531678603688)
(0.9009009009008832 0.024393408555440935 0.0003835859322803755)
(1.2612612612612415 0.03397959503327004 0.0007481191661425696)
(1.6216216216216 0.04346782934816758 0.0012305827735460944)
(1.9819819819819582 0.052858033307494154 0.001829200645325291)
(2.342342342342342 0.06215013793572176 0.0025422126420211457)
(2.7027027027027004 0.07134408330562213 0.003367874429123091)
(3.063063063063059 0.08043981837359675 0.004304457313550891)
(3.423423423423417 0.0894373008190319 0.005350248081415793)
(3.7837837837837753 0.09833649688758694 0.006503548837098916)
(4.144144144144134 0.10713738123831333 0.007762676843681005)
(4.504504504504492 0.1158399367945082 0.009125964364755317)
(4.864864864864851 0.12444415459820786 0.010591758507652786)
(5.225225225225209 0.13295003366822986 0.012158421068106207)
(5.585585585585567 0.14135758086167224 0.013824328376377737)
(5.945945945945925 0.14966681073878357 0.015587871144871921)
(6.3063063063062845 0.1578777454311167 0.017447454317254224)
(6.666666666666642 0.16599041451288285 0.019401496919093115)
(7.027027027027026 0.17400485487542552 0.021448431910041824)
(7.387387387387384 0.18192111060472918 0.023586706037573322)
(7.747747747747742 0.18973923286189537 0.02581477969228294)
(8.108108108108102 0.19745927976649702 0.02813112676476692)
(8.46846846846846 0.20508131628274642 0.030534234504088004)
(8.828828828828817 0.21260541410840017 0.03302260337783516)
(9.189189189189175 0.22003165156633125 0.03559474693378394)
(9.549549549549535 0.22736011349869945 0.038249191663162416)
(9.909909909909892 0.23459089116365228 0.04098447686552643)
(10.27027027027025 0.24172408213449054 0.04379915451524666)
(10.630630630630609 0.24875979020123554 0.04669178912960898)
(10.990990990990968 0.2556981252745337 0.04966095763852813)
(11.351351351351328 0.2625392032918392 0.052705249255874345)
(11.711711711711711 0.26928314612581405 0.055823265352410854)
(12.072072072072068 0.27593008149488585 0.05901361933033891)
(12.432432432432426 0.2824801428759131 0.06227493649944968)
(12.792792792792785 0.2889334694188934 0.06560585395487424)
(13.153153153153141 0.29529020586366783 0.06900502045643028)
(13.513513513513502 0.301550502458566 0.07247109630955778)
(13.87387387387386 0.3077145148809408 0.07600275324783774)
(14.234234234234219 0.3137824041595436 0.07959867431708656)
(14.594594594594577 0.31975433659868957 0.08325755376101834)
(14.954954954954934 0.3256304837041677 0.08697809690846675)
(15.315315315315294 0.3314110221108469 0.09075902006215752)
(15.675675675675652 0.33709613351193485 0.09459905038902221)
(16.03603603603601 0.3426860045898441 0.09849692581204297)
(16.396396396396394 0.3481808269486239 0.10245139490361942)
(16.75675675675675 0.3535807970479122 0.1064612167804434)
(17.11711711711711 0.3588861161383745 0.1105251609998766)
(17.47747747747747 0.3640969901985802 0.11464200745781272)
(17.837837837837828 0.3692136298732844 0.11881054628801696)
(18.198198198198185 0.37423625041307496 0.1230295777629296)
(18.558558558558545 0.37916507161534785 0.12729791219592032)
(18.9189189189189 0.38400031776657473 0.13161436984498234)
(19.279279279279258 0.3887422175858282 0.13597778081785225)
(19.63963963963962 0.39339100416953027 0.14038698497854243)
(19.99999999999998 0.3979469149373901 0.14484083185527416)
(20.360360360360335 0.4024101915794993 0.1493381805497963)
(20.720720720720717 0.406781080004554 0.1538778996480776)
(21.08108108108108 0.411059830289168 0.15845886713235582)
(21.441441441441437 0.4152466966282558 0.1630799702945361)
(21.801801801801794 0.4193419372864465 0.1677401056509166)
(22.162162162162154 0.4233458145505061 0.172438178858233)
(22.52252252252251 0.42725859468273836 0.1771731046310064)
(22.88288288288287 0.4310805478753375 0.18194380666017906)
(23.243243243243228 0.4348119482056653 0.18674921753302554)
(23.603603603603585 0.43845307359242847 0.19158827865432326)
(23.963963963963945 0.4420042057527291 0.19645994016877005)
(24.3243243243243 0.4454656301599659 0.20136316088463202)
(24.684684684684665 0.44883763600256016 0.20629690819860974)
(25.045045045045022 0.4521205161434851 0.2112601580219062)
(25.405405405405403 0.45531456708057455 0.2162518947074845)
(25.76576576576576 0.45842008890758884 0.22127111097849675)
(26.12612612612612 0.4614373852760183 0.22631680785787744)
(26.486486486486477 0.4643667633576009 0.2313879945990774)
(26.846846846846834 0.4672085338075347 0.236483688617932)
(27.207207207207198 0.4699630107283657 0.24160291542564438)
(27.567567567567554 0.4726305116345305 0.2467447085628729)
(27.927927927927914 0.475211357417536 0.25190810953490606)
(28.28828828828827 0.477705872311757 0.25709216774791255)
(28.648648648648628 0.4801143838608339 0.2622959404462517)
(29.009009009008988 0.48243722288465374 0.2675184926508305)
(29.369369369369345 0.4846747234468955 0.2727588970984931)
(29.7297297297297 0.486827222823126 0.27801623418243)
(30.090090090090087 0.4888950614694281 0.2832895918935922)
(30.450450450450447 0.4908785829915452 0.28857806576309597)
(30.810810810810803 0.49277813411452953 0.2938807588056082)
(31.171171171171164 0.4945940646528756 0.29919678146369494)
(31.53153153153152 0.4963267274811265 0.30452525155312093)
(31.891891891891877 0.49797647850493876 0.3098652942090892)
(32.25225225225224 0.4995436766325911 0.3152160418334042)
(32.612612612612594 0.5010286837469246 0.32057663404254777)
(32.972972972972954 0.5024318646777 0.325946217616655)
(33.333333333333314 0.5037535871743607 0.33132394644937513)
(33.69369369369367 0.5049942218791887 0.3367089814986084)
(34.05405405405403 0.50615414230084 0.34210049073810134)
(34.41441441441439 0.5072337247882497 0.3474976491098942)
(34.77477477477477 0.5082333485048945 0.3528996384776027)
(35.13513513513513 0.509153395403401 0.3583056475805233)
(35.49549549549549 0.5099942502004895 0.36371487198855457)
(35.85585585585584 0.5107563003522424 0.3691265140579147)
(36.2162162162162 0.5114399360296874 0.3745397828876495)
(36.576576576576564 0.5120455500946851 0.3799538942769171)
(36.936936936936924 0.5125735380761102 0.38536807068303747)
(37.29729729729728 0.5130242981463197 0.39078154118029484)
(37.65765765765764 0.5133982310978955 0.39619354141948365)
(38.018018018018 0.5136957403206547 0.40160331358818585)
(38.37837837837836 0.5139172317789176 0.40701010637176605)
(38.73873873873871 0.5140631139890256 0.41241317491507795)
(39.0990990990991 0.5141337979971005 0.4178117807848683)
(39.45945945945945 0.5141296973570365 0.4232051919328662)
(39.81981981981981 0.5140512281087187 0.4285926826595532)
(40.18018018018017 0.5138988087564581 0.43397353357859686)
(40.540540540540526 0.5136728602476373 0.4393470315819403)
(40.900900900900886 0.5133738059515603 0.44471246980553836)
(41.261261261261254 0.5130020716384968 0.45006914759572964)
(41.6216216216216 0.5125580854589162 0.4554163704762334)
(41.98198198198197 0.5120422779229055 0.4607534501157626)
(42.34234234234233 0.5114550818797609 0.46607970429624257)
(42.70270270270268 0.5107969324977505 0.4713944568816269)
(43.06306306306304 0.5100682672440415 0.47669703778729944)
(43.4234234234234 0.5092695258647834 0.4819867829500544)
(43.783783783783775 0.5084011503653432 0.48726303429864465)
(44.14414414414414 0.5074635849906887 0.492525139724887)
(44.5045045045045 0.5064572762059106 0.497772453055323)
(44.864864864864856 0.5053826726768811 0.5030043340234148)
(45.225225225225216 0.5042402252510425 0.5082201482422768)
(45.58558558558558 0.503030386938321 0.5134192671779306)
(45.94594594594593 0.5017536128921616 0.5186010681230743)
(46.30630630630629 0.5004103603906774 0.5237649341713594)
(46.66666666666665 0.49900108881791133 0.5289102541921659)
(47.027027027027 0.4975262596452035 0.5340364228058673)
(47.38738738738736 0.49598633641266143 0.5391428403595773)
(47.747747747747724 0.4943817847107278 0.5442289129033719)
(48.108108108108084 0.49271307216184224 0.5492940521669771)
(48.468468468468465 0.4909806684021935 0.5543376755369137)
(48.828828828828826 0.4891850450635576 0.5593592060340944)
(49.18918918918918 0.4873266757552176 0.5643580722918647)
(49.54954954954951 0.485406036045963 0.5693337085344772)
(49.9099099099099 0.4834236034461632 0.5742855545559975)
(50.27027027027024 0.4813798573899155 0.5792130556996267)
(50.63063063063061 0.4792752792172565 0.5841156628374435)
(50.990990990991 0.4771103521564448 0.5889928323505489)
(51.351351351351326 0.4748855613063011 0.5938440261096112)
(51.711711711711715 0.47260139361860837 0.5986687114558101)
(52.07207207207205 0.4702583378805715 0.6034663611821568)
(52.43243243243243 0.4678568846973243 0.6082364535152055)
(52.79279279279276 0.46539752647449373 0.6129784720971274)
(53.15315315315315 0.4628807574008053 0.6176919059681619)
(53.51351351351349 0.4603070734307407 0.6223762495494177)
(53.87387387387386 0.4576769722672313 0.6270310026260401)
(54.2342342342342 0.4549909533443989 0.6316556703307127)
(54.59459459459459 0.45224951781032746 0.6362497631275162)
(54.954954954954914 0.4494531685098783 0.640812796796108)
(55.3153153153153 0.4466024099675309 0.6453442924162471)
(55.67567567567568 0.44369774837026277 0.6498437763526292)
(56.036036036036016 0.4407396915504536 0.6543107802400514)
(56.396396396396405 0.4377287489688174 0.6587448409688849)
(56.75675675675674 0.43466543169736427 0.6631455006708553)
(57.11711711711712 0.4315502524023796 0.6675123067051284)
(57.47747747747745 0.4283837253274326 0.6718448116446869)
(57.83783783783783 0.4251663662763965 0.6761425732630064)
(58.19819819819816 0.42189869259649665 0.6804051545210088)
(58.55855855855855 0.41858122316136676 0.6846321235543066)
(58.918918918918884 0.41521447835412867 0.6888230536607141)
(59.279279279279265 0.41179898005047827 0.6929775232880377)
(59.6396396396396 0.40833525160179207 0.6970951160221274)
(59.999999999999986 0.40482381781823684 0.7011754205751928)
(60.36036036036037 0.4012652049518968 0.7052180307743736)
(60.7207207207207 0.39765994067990384 0.7092225455505651)
(61.08108108108109 0.39400855408757657 0.713188568927492)
(61.44144144144141 0.39031157565156854 0.7171157100110191)
(61.8018018018018 0.3865695372230162 0.7210035829787123)
(62.16216216216213 0.3827829720106976 0.7248518070696198)
(62.522522522522515 0.37895241456418655 0.7286600065742996)
(62.882882882882846 0.37507840075701654 0.7324278108250585)
(63.243243243243235 0.3711614677698387 0.7361548541864242)
(63.603603603603574 0.3672021540735868 0.7398407760458281)
(63.96396396396395 0.36320099941263434 0.7434852208045077)
(64.32432432432428 0.3591585447879581 0.7470878378686143)
(64.68468468468467 0.35507533244029144 0.7506482816405322)
(65.04504504504506 0.3509519058332821 0.7541662115103953)
(65.40540540540539 0.3467888096366415 0.7576412918478066)
(65.76576576576576 0.3425865897092895 0.7610731919937528)
(66.1261261261261 0.33834579308249957 0.7644615862527069)
(66.48648648648648 0.33406696794303065 0.7678061538849251)
(66.84684684684682 0.32975066361626115 0.7711065790989223)
(67.2072072072072 0.32539743054930764 0.7743625510441356)
(67.56756756756754 0.32100782029414615 0.7775737638037591)
(67.92792792792791 0.31658238549071566 0.7807399163877613)
(68.28828828828824 0.31212167985002337 0.7838607127260668)
(68.64864864864863 0.3076262581372325 0.7869358616619134)
(69.00900900900898 0.3030966761547501 0.78996507694537)
(69.36936936936935 0.29853349072529695 0.7929480772270214)
(69.72972972972974 0.2939372596749762 0.795884586051808)
(70.09009009009007 0.289308541816327 0.7987743318530272)
(70.45045045045045 0.2846478969313676 0.8016170479464884)
(70.81081081081078 0.2799558857546344 0.8044124725248136)
(71.17117117117117 0.2752330699562018 0.8071603486518973)
(71.5315315315315 0.2704800121247004 0.8098604242575009)
(71.89189189189189 0.265697275750315 0.8125124521320004)
(72.25225225225222 0.26088542520778196 0.8151161899212681)
(72.6126126126126 0.2560450257393643 0.8176714001216983)
(72.97297297297294 0.2511766434378267 0.8201778500753644)
(73.33333333333331 0.24628084522938878 0.822635311965314)
(73.6936936936937 0.24135819885667617 0.8250435628109922)
(74.05405405405403 0.23640927286165453 0.8274023844637964)
(74.41441441441441 0.231434636568551 0.8297115636027579)
(74.77477477477476 0.22643486006677216 0.8319708917303464)
(75.13513513513514 0.22141051419379926 0.8341801651684021)
(75.49549549549548 0.21636217051808396 0.8363391850541813)
(75.85585585585585 0.21129040132192087 0.8384477573365301)
(76.21621621621618 0.20619577958432028 0.8405056927721654)
(76.57657657657657 0.20107887896385862 0.8425128069220807)
(76.9369369369369 0.1959402737815288 0.8444689201480561)
(77.29729729729729 0.19078053900356812 0.8463738576092865)
(77.65765765765762 0.1856002502242869 0.848227449259116)
(78.018018018018 0.18039998364887494 0.8500295298418831)
(78.37837837837839 0.17518031607620776 0.851779938889868)
(78.73873873873872 0.16994182488163562 0.8534785207203504)
(79.0990990990991 0.16468508799976184 0.855125124432767)
(79.45945945945944 0.1594106839072187 0.8567196039059712)
(79.81981981981981 0.15411919160542203 0.8582618177955954)
(80.18018018018014 0.14881119060332826 0.8597516295315091)
(80.54054054054053 0.14348726090017003 0.8611889073153787)
(80.90090090090087 0.13814798296819425 0.8625735241183201)
(81.26126126126125 0.1327939377353796 0.8639053576786498)
(81.6216216216216 0.12742570656815685 0.8651842904997262)
(81.98198198198196 0.12204387125410915 0.8664102098478895)
(82.34234234234229 0.11664901398467549 0.8675830077504858)
(82.70270270270268 0.11124171733783486 0.8687025809939907)
(83.06306306306307 0.10582256426079348 0.8697688311222141)
(83.42342342342342 0.10039213805265748 0.8707816644346009)
(83.78378378378378 0.09495102234709833 0.8717409919846149)
(84.14414414414411 0.08949980109501912 0.8726467295782111)
(84.5045045045045 0.08403905854720305 0.8734987977723971)
(84.86486486486484 0.07856937923696779 0.8742971218738735)
(85.22522522522523 0.07309134796280213 0.8750416319377659)
(85.58558558558556 0.06760554977100904 0.8757322627664352)
(85.94594594594595 0.062112569938331565 0.8763689539083761)
(86.30630630630627 0.056612993954586216 0.8769516496571945)
(86.66666666666664 0.05110740750527929 0.8774802990506687)
(87.02702702702699 0.045596396454231886 0.8779548558698931)
(87.38738738738738 0.0400805468261884 0.8783752786385008)
(87.74774774774777 0.03456044478943341 0.8787415306219697)
(88.1081081081081 0.02903667663839781 0.8790535798270063)
(88.46846846846846 0.023509828776262145 0.8793113990010117)
(88.8288288288288 0.017980487697565505 0.8795149656316263)
(89.1891891891892 0.012449239970800741 0.8796642619463547)
(89.54954954954952 0.006916672221020599 0.8797592749122681)
(89.90990990990991 0.0013833711124301526 0.8797999962357883)
(90.27027027027025 -0.004150076669009088 0.8797864223625494)
(90.63063063063062 -0.009683084432988055 0.8797185544773385)
(90.99099099099095 -0.015215065502246588 0.8795963985041151)
(91.35135135135134 -0.020745433229982114 0.8794199651061108)
(91.71171171171167 -0.026273601017245164 0.8791892696860051)
(92.07207207207206 -0.03179898233034642 0.8789043323861838)
(92.43243243243244 -0.037320990718250575 0.8785651780890743)
(92.79279279279277 -0.04283903982997631 0.8781718364175612)
(93.15315315315316 -0.04835254343199409 0.8777243417354799)
(93.51351351351349 -0.053860915425613706 0.8772227331481934)
(93.87387387387388 -0.05936356986438063 0.8766670545032457)
(94.23423423423421 -0.06485992097145667 0.8760573543910987)
(94.5945945945946 -0.07034938315700952 0.8753936861459478)
(94.95495495495491 -0.07583137103558603 0.8746761078466203)
(95.3153153153153 -0.08130529944349335 0.8739046823175558)
(95.67567567567563 -0.08677058345616341 0.8730794771298676)
(96.03603603603602 -0.0922266384055245 0.8722005646024887)
(96.39639639639636 -0.09767287989735528 0.8712680218034016)
(96.75675675675674 -0.10310872382864562 0.8702819305509498)
(97.11711711711712 -0.10853358640493964 0.8692423774152382)
(97.47747747747745 -0.11394688415768046 0.8681494537196164)
(97.83783783783784 -0.11934803396154808 0.8670032555422496)
(98.19819819819817 -0.12473645305178283 0.8658038837177768)
(98.55855855855856 -0.13011155904151292 0.8645514438390574)
(98.91891891891889 -0.13547276993906252 0.8632460462590079)
(99.27927927927927 -0.14081950416526395 0.8618878060925262)
(99.6396396396396 -0.14615118057074974 0.860476843218512)
(99.99999999999999 -0.1514672184532484 0.859013282281973)
(100.36036036036032 -0.15676703757485966 0.8574972526962312)
(100.7207207207207 -0.1620500581793326 0.8559288886452193)
(101.08108108108104 -0.16731570100932286 0.8543083290858751)
(101.44144144144143 -0.1725633873236523 0.8526357177506315)
(101.8018018018018 -0.17779253891454816 0.8509112031500079)
(102.16216216216213 -0.1830025781248795 0.8491349385752975)
(102.52252252252252 -0.18819292786538377 0.847307082101358)
(102.88288288288285 -0.1933630116318761 0.8454277965895061)
(103.24324324324324 -0.19851225352245871 0.843497249690512)
(103.60360360360357 -0.20364007825470845 0.8415156138477057)
(103.96396396396395 -0.2087459111828652 0.8394830663001837)
(104.32432432432428 -0.2138291783149978 0.8373997890861318)
(104.68468468468467 -0.21888930633017062 0.8352659690462513)
(105.045045045045 -0.2239257225955874 0.8330817978273036)
(105.40540540540539 -0.22893785518373555 0.8308474718857661)
(105.76576576576574 -0.2339251328895078 0.8285631924916046)
(106.1261261261261 -0.23888698524732346 0.8262291657321622)
(106.48648648648648 -0.2438228425482284 0.8238456025161722)
(106.84684684684682 -0.24873213585698992 0.821412718577889)
(107.2072072072072 -0.2536142970291807 0.8189307344813428)
(107.56756756756755 -0.25846875872824404 0.8163998756247237)
(107.92792792792791 -0.26329495444255824 0.8138203722448906)
(108.28828828828824 -0.2680923185024786 0.8111924594220138)
(108.64864864864863 -0.2728602860973787 0.8085163770843459)
(109.00900900900898 -0.2775982932926699 0.8057923700131328)
(109.36936936936935 -0.2823057770468204 0.8030206878476562)
(109.7297297297297 -0.28698217522835257 0.8002015850904237)
(110.09009009009009 -0.29162692663283957 0.7973353211124922)
(110.4504504504504 -0.29623947099988157 0.7944221601589436)
(110.81081081081078 -0.3008192490300809 0.7914623713545035)
(111.17117117117117 -0.3053657024019975 0.7884562287093122)
(111.53153153153151 -0.3098782737891011 0.7854040111248476)
(111.8918918918919 -0.3143564068767128 0.7823060024000031)
(112.25225225225223 -0.3187995463789309 0.7791624912373258)
(112.6126126126126 -0.3232071380555575 0.7759737712494138)
(112.97297297297294 -0.32757862872900534 0.7727401409654799)
(113.33333333333333 -0.3319134663012063 0.7694619038380799)
(113.69369369369366 -0.33621109977050184 0.7661393682500143)
(114.05405405405405 -0.34047097924853564 0.7627728475214002)
(114.41441441441438 -0.34469255597712856 0.7593626599169243)
(114.77477477477476 -0.3488752823451574 0.7559091286532695)
(115.13513513513509 -0.3530186119054166 0.7524125819067315)
(115.49549549549548 -0.35712199939148453 0.7488733528210164)
(115.85585585585586 -0.36118490073457493 0.7452917795152327)
(116.2162162162162 -0.3652067730803907 0.7416682050920745)
(116.57657657657658 -0.3691870748059722 0.7380029776462002)
(116.93693693693692 -0.37312526553653824 0.7342964502728182)
(117.29729729729729 -0.37702080616233113 0.7305489810764689)
(117.65765765765762 -0.38087315885545253 0.7267609331800229)
(118.01801801801801 -0.3846817870867066 0.722932674733884)
(118.37837837837834 -0.3884461556424334 0.7190645789254156)
(118.73873873873873 -0.3921657306413533 0.71515702398858)
(119.09909909909906 -0.39583997955140243 0.7112103932138099)
(119.45945945945944 -0.39946837120658113 0.7072250749580975)
(119.81981981981977 -0.40305037582379566 0.7032014626553285)
(120.18018018018016 -0.4065854650197145 0.6991399548268415)
(120.54054054054055 -0.4100731118276216 0.6950409550922382)
(120.90090090090088 -0.4135127907142817 0.6909048721804313)
(121.26126126126125 -0.41690397759681413 0.6867321199409456)
(121.62162162162159 -0.42024614985957015 0.6825231173554778)
(121.98198198198197 -0.42353878637102893 0.6782782885497061)
(122.3423423423423 -0.42678136750069723 0.6739980628053747)
(122.7027027027027 -0.4299733751360299 0.6696828745726374)
(123.06306306306303 -0.43311429269935836 0.6653331634826847)
(123.4234234234234 -0.43620360516484136 0.6609493743606376)
(123.78378378378373 -0.43924079907542796 0.6565319572387392)
(124.14414414414412 -0.4422253625598453 0.6520813673698219)
(124.50450450450451 -0.4451567853496022 0.6475980652410793)
(124.86486486486484 -0.4480345587960196 0.6430825165881318)
(125.22522522522523 -0.45085817588728516 0.6385351924093959)
(125.58558558558556 -0.45362713126553067 0.633956568980771)
(125.94594594594594 -0.45634092124394443 0.6293471278706331)
(126.30630630630627 -0.45899904382390627 0.6247073559551581)
(126.66666666666666 -0.4616009987121634 0.6200377454339656)
(127.02702702702699 -0.46414628733803304 0.6153387938461021)
(127.38738738738738 -0.46663441287064933 0.6106110040863566)
(127.74774774774771 -0.46906488023624204 0.6058548844219295)
(128.1081081081081 -0.471437196135465 0.6010709485094425)
(128.46846846846842 -0.4737508690607601 0.5962597154123174)
(128.82882882882882 -0.4760054093137758 0.5914217096185064)
(129.1891891891892 -0.4782003290228283 0.586557461058605)
(129.54954954954954 -0.48033514216041884 0.5816675051243314)
(129.9099099099099 -0.4824093645608054 0.5767523826873924)
(130.27027027027023 -0.4844225139376285 0.5718126401187431)
(130.63063063063063 -0.4863741099016025 0.566848829308235)
(130.99099099099095 -0.4882636739782666 0.5618615076846782)
(131.35135135135135 -0.4900907296258052 0.5568512382363019)
(131.71171171171167 -0.4918548022529363 0.5518185895316443)
(132.07207207207207 -0.49355541923687596 0.5467641357408578)
(132.4324324324324 -0.49519210994137636 0.541688456657454)
(132.79279279279277 -0.49676440573484826 0.5365921377204798)
(133.1531531531531 -0.49827184000856345 0.5314757700371507)
(133.5135135135135 -0.499713948194949 0.5263399504059273)
(133.8738738738739 -0.5010902677859712 0.5211852813400646)
(134.2342342342342 -0.5024003383516157 0.5160123710916255)
(134.59459459459458 -0.503643701558469 0.5108218336759702)
(134.95495495495493 -0.5048199011884029 0.5056142888967415)
(135.3153153153153 -0.5059284831573684 0.500390362371331)
(135.67567567567565 -0.506968995534303 0.4951506855568614)
(136.03603603603602 -0.5079409885601562 0.48989589577666737)
(136.39639639639637 -0.5088440146670372 0.4846266362473069)
(136.75675675675674 -0.5096776284974904 0.4793435561060905)
(137.11711711711706 -0.5104413869239053 0.4740473104391575)
(137.47747747747746 -0.5111348490680621 0.46873856031008654)
(137.83783783783778 -0.511757576320823 0.4634179727890738)
(138.19819819819818 -0.5123091323619708 0.45808622098266033)
(138.55855855855856 -0.5127890831802042 0.45274398406404603)
(138.91891891891888 -0.5131969970932913 0.44739194730397785)
(139.27927927927928 -0.5135324447683923 0.4420308021022276)
(139.6396396396396 -0.5137949992425536 0.43666124601968154)
(140.0 -0.5139842359433805 0.43128398281102676)
(140.36036036036032 -0.5140997327098986 0.425899722458073)
(140.72072072072072 -0.5141410698136047 0.42050918120369024)
(141.08108108108104 -0.5141078299797183 0.4151130815864014)
(141.4414414414414 -0.5139995984086411 0.4097121524756118)
(141.80180180180176 -0.5138159627976281 0.40430712910751415)
(142.16216216216213 -0.5135565133626824 0.39889875312165063)
(142.52252252252248 -0.5132208428606784 0.39348777259817036)
(142.88288288288285 -0.5128085466117214 0.3880749420957678)
(143.24324324324323 -0.5123192225217547 0.38266102269033575)
(143.60360360360357 -0.5117524711054185 0.3772467820143242)
(143.96396396396395 -0.5111078955091729 0.37183299429682665)
(144.3243243243243 -0.5103851015346912 0.36642044040440935)
(144.68468468468467 -0.5095836976625335 0.36100990788267767)
(145.04504504504501 -0.5087032950761122 0.35560219099861295)
(145.40540540540542 -0.5077435076859542 0.3501980907836701)
(145.7657657657657 -0.5067039521542746 0.3447984150776681)
(146.1261261261261 -0.5055842479198689 0.3394039785734633)
(146.48648648648646 -0.5043840172233363 0.3340156028624421)
(146.84684684684683 -0.5031028851326411 0.3286341164808174)
(147.20720720720718 -0.5017404795690307 0.32326035495677047)
(147.56756756756755 -0.50029643133331 0.31789516085842096)
(147.92792792792793 -0.4987703741324978 0.3125393838426653)
(148.28828828828827 -0.49716194460686336 0.3071938807048733)
(148.64864864864865 -0.49547078235736525 0.3018595154294663)
(149.009009009009 -0.4936965299735022 0.29653715924139495)
(149.36936936936937 -0.49183883306158527 0.2912276906585117)
(149.7297297297297 -0.48989734027345067 0.28593199554487414)
(150.09009009009006 -0.4878717033356214 0.28065096716496807)
(150.4504504504504 -0.48576157707893675 0.27538550623888663)
(150.8108108108108 -0.4835666194686577 0.27013652099845675)
(151.17117117117112 -0.48128649163507137 0.26490492724434844)
(151.53153153153153 -0.4789208579045997 0.2596916484041571)
(151.89189189189185 -0.4764693858314386 0.2544976155914963)
(152.25225225225222 -0.47393174622973183 0.24932376766609107)
(152.61261261261262 -0.47130761320630865 0.24417105129490757)
(152.97297297297294 -0.4685966641939911 0.23904042101431583)
(153.33333333333334 -0.46579857998549345 0.23393283929330538)
(153.69369369369366 -0.4629130447679331 0.22884927659777607)
(154.05405405405406 -0.4599397461579646 0.2237907114558994)
(154.41441441441438 -0.45687837523756497 0.2187581305245874)
(154.77477477477476 -0.45372862659047797 0.21375252865705915)
(155.1351351351351 -0.4504901983393495 0.2087749089715433)
(155.49549549549548 -0.44716279218356136 0.2038262829211073)
(155.85585585585582 -0.44374611343779746 0.19890767036465049)
(156.2162162162162 -0.4402398710713501 0.194020099639053)
(156.57657657657654 -0.4366437777482018 0.18916460763251644)
(156.93693693693692 -0.4329575498678906 0.18434223985909007)
(157.2972972972973 -0.4291809076071979 0.1795540505344163)
(157.65765765765764 -0.42531357496266725 0.17480110265269444)
(158.018018018018 -0.42135527979398607 0.17008446806488262)
(158.37837837837836 -0.417305753868259 0.16540522755816003)
(158.73873873873873 -0.413164732905185 0.16076447093664634)
(159.09909909909905 -0.40893195662318266 0.1561632971034131)
(159.45945945945945 -0.40460716878646946 0.15160281414378127)
(159.81981981981977 -0.4001901172531452 0.14708413940993845)
(160.18018018018017 -0.3956805540242852 0.1426083996068707)
(160.5405405405405 -0.3910782352940938 0.13817673087964233)
(160.9009009009009 -0.3863829215011272 0.13379027890201808)
(161.2612612612612 -0.3815943773806367 0.12945019896646087)
(161.62162162162159 -0.37671237201804214 0.12515765607549942)
(161.981981981982 -0.3717366789035899 0.12091382503449806)
(162.3423423423423 -0.3666670759882099 0.116719890545827)
(162.7027027027027 -0.3615033457406124 0.11257704730445223)
(163.06306306306303 -0.35624527520566696 0.10848650009496355)
(163.4234234234234 -0.35089265606408127 0.10444946389003958)
(163.78378378378375 -0.3454452846934379 0.10046716395037934)
(164.14414414414412 -0.339902962230604 0.09654083592609504)
(164.50450450450444 -0.33426549463557514 0.0926717259595954)
(164.86486486486484 -0.3285326927567693 0.08886109078995404)
(165.2252252252252 -0.3227043723978348 0.08511019785879104)
(165.58558558558556 -0.3167803543859906 0.08142032541766192)
(165.94594594594597 -0.3107604646419637 0.07779276263698062)
(166.3063063063063 -0.30464453425154875 0.07422880971647361)
(166.66666666666666 -0.29843239953884143 0.07072977799718008)
(167.027027027027 -0.29212390214120143 0.06729699007501233)
(167.38738738738738 -0.2857188890859686 0.06393177991587237)
(167.7477477477477 -0.2792172128690095 0.06063549297234841)
(168.10810810810813 -0.27261873153511335 0.05740948630198288)
(168.46846846846844 -0.26592330876031894 0.05425512868713438)
(168.82882882882882 -0.25913081393619297 0.051173800756424706)
(169.18918918918916 -0.25224112225614514 0.04816689510779096)
(169.5495495495495 -0.24525411480380188 0.04523581643313347)
(169.90990990990986 -0.23816967864352775 0.042381981644577106)
(170.27027027027026 -0.2309877069131187 0.0396068200023358)
(170.63063063063063 -0.2237080989187581 0.03691177324419507)
(170.99099099099098 -0.21633076023227005 0.03429829571660371)
(171.35135135135133 -0.20885560279074206 0.03176785450737916)
(171.71171171171167 -0.2012825449985909 0.029321929580029025)
(172.07207207207207 -0.19361151183211006 0.026962013909678173)
(172.43243243243242 -0.18584243494659877 0.024689613620608775)
(172.79279279279277 -0.17797525278610596 0.022506248125398375)
(173.1531531531531 -0.17000991069589386 0.020413450265660684)
(173.5135135135135 -0.16194636103765794 0.018412766454371975)
(173.87387387387383 -0.1537845633076121 0.016505756819784192)
(174.23423423423424 -0.14552448425747772 0.014693995350905532)
(174.59459459459455 -0.13716609801849128 0.012979070044545672)
(174.95495495495493 -0.12870938622847092 0.011362583053903759)
(175.3153153153153 -0.1201543381620604 0.00984615083869196)
(175.67567567567562 -0.11150095086420331 0.00843140431677129)
(176.03603603603605 -0.10274922928694369 0.007119989017283425)
(176.39639639639637 -0.0938991864296529 0.005913565235259116)
(176.75675675675674 -0.08495084348274053 0.004813808187675249)
(177.1171171171171 -0.07590422997497923 0.0038224081709406573)
(177.47747747747744 -0.06675938392449629 0.0029410707197773567)
(177.83783783783778 -0.05751635199356846 0.002171516767471757)
(178.19819819819818 -0.048175189647276295 0.0015154828074582906)
(178.55855855855853 -0.03873596131616006 0.0009747210562036575)
(178.9189189189189 -0.029198740562937413 0.0005509996173495)
(179.27927927927922 -0.01956361025343028 0.00024610264707475597)
(179.6396396396396 -0.00983066273176541 6.183052063035942e-05)
(180.0 -1.9236706937217898e-16 2.3558171576799582e-32)
