// Blade element data
// axialDistance, radius, azimuth, chord, chordMount, twist
(0.0    0.025      0.0     0.06      0.5    0.0)
(0.0    0.035      0.0     0.06      0.5    0.0)
(0.0    0.045      0.0     0.06      0.5    0.0)
(0.0    0.055      0.0     0.06      0.5    0.0)
(0.0    0.065      0.0     0.06      0.5    0.0)
(0.0    0.075      0.0     0.06      0.5    0.0)
(0.0    0.085      0.0     0.06      0.5    0.0)
(0.0    0.095      0.0     0.06      0.5    0.0)
(0.0    0.105      0.0     0.06      0.5    0.0)


